1,1,73430
1,2,73342
1,3,73339
1,4,73352
1,5,73401
1,6,73410
1,7,73516
1,8,73410
1,9,73474
1,10,73571
1,11,73392
1,12,73421
1,13,73591
1,14,73518
1,15,73605
1,16,73534
1,17,73525
1,18,73683
1,19,73548
1,20,73576
1,21,73561
1,22,73738
1,23,73775
1,24,73779
1,25,73786
1,26,73826
1,27,73702
1,28,73866
1,29,73879
1,30,73913
1,31,73858
1,32,73791
1,33,73898
1,34,73745
1,35,73727
1,36,74000
1,37,74009
1,38,73842
1,39,73974
1,40,73932
1,41,74005
1,42,74180
1,43,74170
1,44,74438
1,45,74320
1,46,74100
1,47,74193
1,48,74235
1,49,74330
1,50,74248
1,51,74197
1,52,74355
1,53,74297
1,54,74472
1,55,74324
1,56,74458
1,57,74501
1,58,74685
1,59,74655
1,60,74583
1,61,74477
1,62,74647
1,63,74687
1,64,74474
1,65,74676
1,66,74664
1,67,74588
1,68,74731
1,69,74683
1,70,74820
1,71,74975
1,72,74916
1,73,75217
1,74,76015
1,75,75554
1,76,75590
1,77,75944
1,78,75862
1,79,76297
1,80,76275
1,81,76019
1,82,76006
1,83,75798
1,84,75602
1,85,75550
1,86,75620
1,87,75945
1,88,75984
1,89,76101
1,90,76062
1,91,76351
1,92,76623
1,93,76792
1,94,77347
1,95,78053
1,96,78775
1,97,80123
1,98,81433
1,99,83451
1,100,85150
1,101,86957
1,102,89017
1,103,90391
1,104,91890
1,105,93716
1,106,96032
1,107,97464
1,108,98213
1,109,98973
1,110,99065
1,111,99330
1,112,99625
1,113,99824
1,114,100212
1,115,100199
1,116,100365
1,117,100325
1,118,100331
1,119,100356
1,120,100457
1,121,100778
1,122,100878
1,123,100803
1,124,100738
1,125,100474
1,126,100464
1,127,100005
1,128,99744
1,129,99234
1,130,98439
1,131,98207
1,132,97736
1,133,97682
1,134,97959
1,135,97342
1,136,96824
1,137,96751
1,138,96429
1,139,96600
1,140,96608
1,141,96880
1,142,97460
1,143,98051
1,144,98371
1,145,99086
1,146,99710
1,147,100248
1,148,100757
1,149,101681
1,150,102603
1,151,104121
1,152,106022
1,153,107816
1,154,109760
1,155,111118
1,156,112953
1,157,115506
1,158,117462
1,159,119178
1,160,121986
1,161,124536
1,162,127325
1,163,130581
1,164,134008
1,165,137474
1,166,140492
1,167,143517
1,168,148007
1,169,154287
1,170,160208
1,171,168051
1,172,177603
1,173,188397
1,174,200659
1,175,218186
1,176,240007
1,177,260937
1,178,289227
1,179,334092
1,180,402013
1,181,490244
1,182,607322
1,183,795226
1,184,1.17147e+006
1,185,1.81232e+006
1,186,2.38084e+006
1,187,2.87349e+006
1,188,3.26304e+006
1,189,3.62329e+006
1,190,3.81122e+006
1,191,3.98402e+006
1,192,4.23767e+006
1,193,4.60786e+006
1,194,4.79873e+006
1,195,5.10431e+006
1,196,5.28142e+006
1,197,5.25186e+006
1,198,5.28176e+006
1,199,5.37171e+006
1,200,5.3571e+006
1,201,5.53248e+006
1,202,5.41708e+006
1,203,5.2994e+006
1,204,4.93567e+006
1,205,4.54245e+006
1,206,4.20894e+006
1,207,3.77519e+006
1,208,2.56837e+006
1,209,1.67822e+006
1,210,1.26318e+006
1,211,1.02436e+006
1,212,847665
1,213,662364
1,214,527603
1,215,452062
1,216,396084
1,217,352473
1,218,330626
1,219,316642
1,220,311240
1,221,316387
1,222,329089
1,223,343753
1,224,347864
1,225,351183
1,226,347219
1,227,328705
1,228,298569
1,229,278913
1,230,258121
1,231,239678
1,232,224797
1,233,219833
1,234,219559
1,235,220910
1,236,220296
1,237,219740
1,238,221002
1,239,221695
1,240,221791
1,241,220830
1,242,216464
1,243,212947
1,244,208537
1,245,204779
1,246,203896
1,247,203846
1,248,207645
1,249,213025
1,250,217754
1,251,223729
1,252,228659
1,253,229718
1,254,225757
1,255,219219
1,256,211299
1,257,204991
1,258,198597
1,259,192820
1,260,189440
1,261,187055
1,262,186509
1,263,185077
1,264,180989
1,265,175962
1,266,170947
1,267,167447
1,268,166083
1,269,166492
1,270,167676
1,271,169634
1,272,171457
1,273,170925
1,274,170333
1,275,168564
1,276,166847
1,277,163460
1,278,160669
1,279,155934
1,280,151014
1,281,146779
1,282,145004
1,283,144656
1,284,145793
1,285,148357
1,286,152528
1,287,156551
1,288,159941
1,289,163386
1,290,166314
1,291,168464
1,292,172968
1,293,177807
1,294,183800
1,295,186946
1,296,188878
1,297,191199
1,298,193031
1,299,191862
1,300,189731
1,301,186582
1,302,177035
1,303,167827
1,304,161473
1,305,157361
1,306,151942
1,307,148723
1,308,147217
1,309,145718
1,310,145376
1,311,146921
1,312,148234
1,313,150646
1,314,153997
1,315,156454
1,316,157016
1,317,156320
1,318,156428
1,319,156591
1,320,156280
1,321,155142
1,322,154833
1,323,158272
1,324,161570
1,325,163490
1,326,164949
1,327,168716
1,328,172351
1,329,176090
1,330,181808
1,331,187325
1,332,194349
1,333,202559
1,334,209761
1,335,210288
1,336,208580
1,337,208143
1,338,207575
1,339,204069
1,340,199157
1,341,193612
1,342,185460
1,343,176871
1,344,170075
1,345,164130
1,346,161099
1,347,156231
1,348,150365
1,349,144419
1,350,139301
1,351,135165
1,352,130601
1,353,126900
1,354,123376
1,355,121441
1,356,119450
1,357,117384
1,358,115530
1,359,113159
1,360,111562
1,361,109909
1,362,108427
1,363,107916
1,364,107455
1,365,107030
1,366,106652
1,367,106735
1,368,106860
1,369,107267
1,370,107048
1,371,107035
1,372,106928
1,373,106813
1,374,106999
1,375,107237
1,376,107356
1,377,107407
1,378,107485
1,379,107234
1,380,106874
1,381,106323
1,382,105952
1,383,105564
1,384,104857
1,385,105237
1,386,105951
1,387,107040
1,388,107589
1,389,108857
1,390,110356
1,391,111642
1,392,111606
1,393,110923
1,394,110302
1,395,109545
1,396,107606
1,397,106514
1,398,105714
1,399,105852
1,400,105834
1,401,105313
1,402,104295
1,403,104878
1,404,104925
1,405,104702
1,406,103389
1,407,103016
1,408,102288
1,409,101280
1,410,101598
1,411,101701
1,412,101954
1,413,101891
1,414,101683
1,415,101405
1,416,101435
1,417,101154
1,418,101427
1,419,101811
1,420,102533
1,421,102869
1,422,102522
1,423,102047
1,424,102191
1,425,101701
1,426,101638
1,427,102647
1,428,103561
1,429,103709
1,430,104187
1,431,103418
1,432,103329
1,433,103310
1,434,103655
1,435,104278
1,436,104987
1,437,105282
1,438,105550
1,439,105725
1,440,105861
1,441,105701
1,442,105647
1,443,105940
1,444,106451
1,445,106686
1,446,106936
1,447,107193
1,448,107126
1,449,106257
1,450,106334
1,451,106273
1,452,106421
1,453,106795
1,454,107109
1,455,107008
1,456,105773
1,457,104641
1,458,103946
1,459,103970
1,460,104970
1,461,106425
1,462,107146
1,463,106141
1,464,105038
1,465,103972
1,466,103915
1,467,104409
1,468,105249
1,469,105821
1,470,105131
1,471,104272
1,472,103429
1,473,103023
1,474,103090
1,475,103135
1,476,102883
1,477,102635
1,478,102163
1,479,101545
1,480,100849
1,481,100335
1,482,100213
1,483,99984
1,484,99926
1,485,99307
1,486,98922
1,487,97932
1,488,96900
1,489,97168
1,490,98100
1,491,98409
1,492,96931
1,493,94545
1,494,92400
1,495,89993
1,496,88757
1,497,87594
1,498,86892
1,499,86021
1,500,85894
1,501,85545
1,502,85708
1,503,86044
1,504,86366
1,505,86576
1,506,86161
1,507,85870
1,508,86015
1,509,85604
1,510,85925
1,511,86043
1,512,85638
1,513,85270
1,514,85345
1,515,85230
1,516,85891
1,517,86849
1,518,86923
1,519,86994
1,520,87231
1,521,88126
1,522,88552
1,523,88807
1,524,86991
1,525,84313
1,526,83374
1,527,81322
1,528,80652
1,529,80565
1,530,80624
1,531,80908
1,532,81062
1,533,81277
1,534,82779
1,535,84287
1,536,83242
1,537,83118
1,538,83867
1,539,82845
1,540,83580
1,541,86233
1,542,86266
1,543,85759
1,544,83435
1,545,82898
1,546,82225
1,547,81299
1,548,81662
1,549,80847
1,550,80974
1,551,81538
1,552,81305
1,553,80624
1,554,80190
1,555,80028
1,556,79722
1,557,79422
1,558,79538
1,559,79313
1,560,79482
1,561,79396
1,562,79596
1,563,79558
1,564,79506
1,565,79349
1,566,79321
1,567,79533
1,568,79440
1,569,79570
1,570,79442
1,571,79822
1,572,79947
1,573,79926
1,574,80155
1,575,80222
1,576,80202
1,577,80180
1,578,80353
1,579,80214
1,580,80317
1,581,80202
1,582,80283
1,583,80252
1,584,80192
1,585,80276
1,586,80122
1,587,79920
1,588,79880
1,589,79619
1,590,79281
1,591,79301
1,592,79138
1,593,78801
1,594,78935
1,595,78908
1,596,78636
1,597,78472
1,598,78690
1,599,78406
1,600,78598
1,601,78668
1,602,78697
1,603,78491
1,604,78456
1,605,78334
1,606,78267
1,607,78480
1,608,78361
1,609,78433
1,610,78527
1,611,78264
1,612,78435
1,613,78283
1,614,78170
1,615,78254
1,616,78308
1,617,78067
1,618,78164
1,619,78084
1,620,78138
1,621,78059
1,622,78261
1,623,77982
1,624,78141
1,625,77965
1,626,78134
1,627,77984
1,628,77841
1,629,78101
1,630,77985
1,631,77810
1,632,77976
1,633,77936
1,634,77930
1,635,77904
1,636,78022
1,637,77731
1,638,77831
1,639,77856
1,640,77741
1,641,77748
1,642,77725
1,643,77814
1,644,77680
1,645,77666
1,646,77609
1,647,77645
1,648,77715
1,649,77597
1,650,77583
1,651,77625
1,652,77466
1,653,77657
1,654,77522
1,655,77490
1,656,77704
1,657,77513
1,658,77420
1,659,77283
1,660,77182
1,661,77391
1,662,77458
1,663,77248
1,664,77166
1,665,77127
1,666,77034
1,667,77148
1,668,77050
1,669,77142
1,670,77379
1,671,77113
1,672,77146
1,673,77117
1,674,77119
1,675,77143
1,676,77140
1,677,77181
1,678,77125
1,679,77409
1,680,77198
1,681,79614
1,682,77105
1,683,77126
1,684,77217
1,685,77362
1,686,77142
1,687,77209
1,688,77113
1,689,77048
1,690,77084
1,691,77190
1,692,77167
1,693,77309
1,694,76949
1,695,76938
1,696,76950
1,697,76960
1,698,77050
1,699,76995
1,700,76966
1,701,76784
1,702,77034
1,703,76916
1,704,76915
1,705,76897
1,706,76868
1,707,76917
1,708,77114
1,709,76877
1,710,76671
1,711,76779
1,712,76816
1,713,76787
1,714,76896
1,715,76991
1,716,76904
1,717,77013
1,718,76967
1,719,77076
1,720,77097
1,721,76938
1,722,77086
1,723,77174
1,724,77032
1,725,77145
1,726,76907
1,727,76870
1,728,76996
1,729,77054
1,730,76962
1,731,77043
1,732,77116
1,733,76943
1,734,76840
1,735,76966
1,736,76834
1,737,76888
1,738,76798
1,739,76991
1,740,76915
1,741,76761
1,742,76866
1,743,76894
1,744,76805
1,745,77078
1,746,77086
1,747,76964
1,748,76898
1,749,76941
1,750,76853
1,751,76916
1,752,76663
1,753,76913
1,754,76957
1,755,76910
1,756,76921
1,757,76955
1,758,76702
1,759,76765
1,760,76960
1,761,76905
1,762,76665
1,763,76775
1,764,76744
1,765,76795
1,766,76764
1,767,76778
1,768,76881
1,769,77074
1,770,76590
1,771,76938
1,772,76761
1,773,76765
1,774,76825
1,775,76742
1,776,76758
1,777,76805
1,778,76762
1,779,76697
1,780,76868
1,781,76761
1,782,76803
1,783,76798
1,784,76800
1,785,76907
1,786,76812
1,787,76685
1,788,76647
1,789,76799
1,790,76933
1,791,76994
1,792,76709
1,793,76743
1,794,76808
1,795,76730
1,796,76864
1,797,76871
1,798,76813
1,799,76849
1,800,76721
1,801,76822
1,802,76917
1,803,76993
1,804,76873
1,805,76828
1,806,76749
1,807,76809
1,808,76857
1,809,76967
1,810,76758
1,811,76832
1,812,76814
1,813,76888
1,814,76751
1,815,76949
1,816,76754
1,817,76880
1,818,76948
1,819,76877
1,820,76763
1,821,77178
1,822,76854
1,823,76793
1,824,76859
1,825,76801
1,826,76839
1,827,76904
1,828,76903
1,829,76711
1,830,76755
1,831,76826
1,832,76857
1,833,76640
1,834,76865
1,835,76862
1,836,76986
1,837,76717
1,838,76898
1,839,76830
1,840,76750
1,841,76960
1,842,76897
1,843,76757
1,844,76924
1,845,76923
1,846,76743
1,847,76913
1,848,76825
1,849,76765
1,850,76721
1,851,76869
1,852,76767
1,853,77088
1,854,76611
1,855,76842
1,856,76893
1,857,76852
1,858,76943
1,859,76637
1,860,76750
1,861,76865
1,862,76781
1,863,76822
1,864,76709
1,865,76779
1,866,76776
1,867,76852
1,868,76813
1,869,76888
1,870,77114
1,871,76781
1,872,76766
1,873,76628
1,874,76715
1,875,76495
1,876,76747
1,877,76696
1,878,76703
1,879,76746
1,880,76891
1,881,76854
1,882,76667
1,883,76684
1,884,76676
1,885,76853
1,886,76774
1,887,76799
1,888,76678
1,889,76703
1,890,76745
1,891,76688
1,892,76647
1,893,76840
1,894,76686
1,895,76587
1,896,76763
1,897,76589
1,898,76788
1,899,76707
1,900,76636
1,901,76674
1,902,76784
1,903,76778
1,904,76805
1,905,76596
1,906,76697
1,907,76708
1,908,76897
1,909,76786
1,910,76620
1,911,76822
1,912,76684
1,913,76766
1,914,76606
1,915,76577
1,916,76742
1,917,76657
1,918,76634
1,919,76754
1,920,76752
1,921,76651
1,922,76727
1,923,76706
1,924,76668
1,925,76750
1,926,76695
1,927,76663
1,928,76731
1,929,76630
1,930,76671
1,931,76692
1,932,76572
1,933,76797
1,934,76758
1,935,76747
1,936,76684
1,937,76676
1,938,76505
1,939,76644
1,940,76662
1,941,76760
1,942,76706
1,943,76803
1,944,76932
1,945,76676
1,946,76594
1,947,76720
1,948,76708
1,949,76766
1,950,76623
1,951,76836
1,952,76883
1,953,76570
1,954,76557
1,955,76856
1,956,76583
1,957,76822
1,958,76666
1,959,76764
1,960,77151
1,961,76597
1,962,76694
1,963,76705
1,964,76580
1,965,76592
1,966,76516
1,967,76534
1,968,76588
1,969,76674
1,970,76593
1,971,76610
1,972,76587
1,973,76551
1,974,76669
1,975,76726
1,976,76706
1,977,76615
1,978,76527
1,979,76577
1,980,76512
1,981,76752
1,982,76636
1,983,76689
1,984,76475
1,985,76573
1,986,76614
1,987,76600
1,988,76506
1,989,76620
1,990,76641
1,991,76615
1,992,76605
1,993,76537
1,994,76580
1,995,76459
1,996,76582
1,997,76582
1,998,76438
1,999,76535
1,1000,76612
1,1001,76659
1,1002,76600
1,1003,76600
1,1004,76461
1,1005,76644
1,1006,76650
1,1007,76618
1,1008,76560
1,1009,76776
1,1010,76613
1,1011,76620
1,1012,76686
1,1013,76543
1,1014,76566
1,1015,76700
1,1016,76651
1,1017,76766
1,1018,76578
1,1019,76510
1,1020,76734
1,1021,76677
1,1022,76542
1,1023,76646
1,1024,76587
1,1025,76604
1,1026,76772
1,1027,76576
1,1028,76568
1,1029,76846
1,1030,76560
1,1031,76554
1,1032,76654
1,1033,76674
1,1034,76757
1,1035,76693
1,1036,76576
1,1037,76550
1,1038,76662
1,1039,76516
1,1040,76465
1,1041,76675
1,1042,76518
1,1043,76625
1,1044,76666
1,1045,76462
1,1046,76560
1,1047,76663
1,1048,76668
1,1049,76669
1,1050,76479
1,1051,76428
1,1052,76746
1,1053,76484
1,1054,76447
1,1055,76595
1,1056,76603
1,1057,76696
1,1058,76517
1,1059,76759
1,1060,76408
1,1061,76593
1,1062,76697
1,1063,76621
1,1064,76673
1,1065,76526
1,1066,76657
1,1067,76588
1,1068,76637
1,1069,76558
1,1070,76646
1,1071,76527
1,1072,76586
1,1073,76597
1,1074,76443
1,1075,76689
1,1076,76595
1,1077,76531
1,1078,76494
1,1079,76583
1,1080,76485
1,1081,76724
1,1082,76573
1,1083,76534
1,1084,76814
1,1085,76623
1,1086,76614
1,1087,76667
1,1088,76520
1,1089,76517
1,1090,76568
1,1091,76726
1,1092,76576
1,1093,76545
1,1094,76648
1,1095,76909
1,1096,76696
1,1097,76827
1,1098,76946
1,1099,77038
1,1100,77051
1,1101,76959
1,1102,76940
1,1103,77034
1,1104,76847
1,1105,76808
1,1106,76737
1,1107,76817
1,1108,76721
1,1109,76724
1,1110,76853
1,1111,76857
1,1112,76718
1,1113,76783
1,1114,76835
1,1115,76867
1,1116,76697
1,1117,76749
1,1118,76762
1,1119,76765
1,1120,76827
1,1121,76753
1,1122,76776
1,1123,76832
1,1124,76927
1,1125,76837
1,1126,76840
1,1127,76684
1,1128,76939
1,1129,76822
1,1130,76943
1,1131,76872
1,1132,76756
1,1133,76859
1,1134,76965
1,1135,76879
1,1136,76859
1,1137,76863
1,1138,76867
1,1139,76896
1,1140,76925
1,1141,76779
1,1142,77137
1,1143,77017
1,1144,76819
1,1145,76956
1,1146,77254
1,1147,77011
1,1148,77056
1,1149,76920
1,1150,76950
1,1151,77033
1,1152,76843
1,1153,76863
1,1154,76943
1,1155,76880
1,1156,76803
1,1157,76797
1,1158,76815
1,1159,76909
1,1160,76731
1,1161,76692
1,1162,76665
1,1163,76604
1,1164,76512
1,1165,76645
1,1166,76543
1,1167,76442
1,1168,76553
1,1169,76660
1,1170,76367
1,1171,76484
1,1172,76372
1,1173,76350
1,1174,76383
1,1175,76494
1,1176,76447
1,1177,76585
1,1178,76474
1,1179,76427
1,1180,76413
1,1181,76522
1,1182,76658
1,1183,76762
1,1184,76482
1,1185,76483
1,1186,76677
1,1187,76534
1,1188,76502
1,1189,76342
1,1190,76232
1,1191,76287
1,1192,76186
1,1193,76080
1,1194,76130
1,1195,76020
1,1196,76072
1,1197,76107
1,1198,75921
1,1199,75798
1,1200,75843
1,1201,75922
1,1202,75885
1,1203,75871
1,1204,75898
1,1205,75920
1,1206,75920
1,1207,75779
1,1208,76045
1,1209,75895
1,1210,75681
1,1211,75982
1,1212,76095
1,1213,75846
1,1214,75907
1,1215,75879
1,1216,75862
1,1217,75808
1,1218,75802
1,1219,75845
1,1220,75856
1,1221,75916
1,1222,75902
1,1223,76151
1,1224,76017
1,1225,76180
1,1226,76039
1,1227,75841
1,1228,75935
1,1229,76085
1,1230,75967
1,1231,75984
1,1232,76119
1,1233,76149
1,1234,75994
1,1235,76085
1,1236,76025
1,1237,75899
1,1238,75847
1,1239,75878
1,1240,75857
1,1241,75884
1,1242,75912
1,1243,75820
1,1244,75743
1,1245,75669
1,1246,75696
1,1247,75805
1,1248,75658
1,1249,75720
1,1250,75833
1,1251,75876
1,1252,75658
1,1253,75712
1,1254,75674
1,1255,75756
1,1256,75636
1,1257,75703
1,1258,75697
1,1259,75591
1,1260,75584
1,1261,75653
1,1262,75637
1,1263,75663
1,1264,75525
1,1265,75484
1,1266,75615
1,1267,75573
1,1268,75653
1,1269,75578
1,1270,75388
1,1271,75378
1,1272,75407
1,1273,75473
1,1274,75422
1,1275,75560
1,1276,75493
1,1277,75637
1,1278,75593
1,1279,75409
1,1280,75590
1,1281,75664
1,1282,75358
1,1283,75482
1,1284,75606
1,1285,75468
1,1286,75448
1,1287,75317
1,1288,75477
1,1289,75365
1,1290,75419
1,1291,75364
1,1292,75289
1,1293,75526
1,1294,75278
1,1295,75273
1,1296,75458
1,1297,75245
1,1298,75337
1,1299,75500
1,1300,75411
1,1301,75296
1,1302,75290
1,1303,75315
1,1304,75607
1,1305,75581
1,1306,75327
1,1307,75357
1,1308,75361
1,1309,75244
1,1310,75280
1,1311,75407
1,1312,75292
1,1313,75379
1,1314,75290
1,1315,75266
1,1316,75294
1,1317,75281
1,1318,75252
1,1319,75354
1,1320,75221
1,1321,75225
1,1322,75270
1,1323,75136
1,1324,75313
1,1325,75244
1,1326,75303
1,1327,75112
1,1328,75223
1,1329,75226
1,1330,75245
1,1331,75077
1,1332,75238
1,1333,75080
1,1334,75162
1,1335,75101
1,1336,74983
1,1337,75068
1,1338,74871
1,1339,74528
1,1340,85827
