1,1,142328
1,2,142332
1,3,142349
1,4,142349
1,5,142285
1,6,142447
1,7,142325
1,8,142351
1,9,142445
1,10,142374
1,11,142240
1,12,142276
1,13,142324
1,14,142449
1,15,142351
1,16,142501
1,17,142369
1,18,142351
1,19,142384
1,20,142490
1,21,142402
1,22,142359
1,23,142429
1,24,142431
1,25,142410
1,26,142458
1,27,142529
1,28,142495
1,29,142486
1,30,142437
1,31,142429
1,32,142560
1,33,142546
1,34,142457
1,35,142452
1,36,142441
1,37,142564
1,38,142518
1,39,142487
1,40,142474
1,41,142564
1,42,142508
1,43,142515
1,44,142596
1,45,142586
1,46,142607
1,47,142666
1,48,142592
1,49,142527
1,50,142747
1,51,142473
1,52,142587
1,53,142644
1,54,142545
1,55,142740
1,56,142670
1,57,142693
1,58,142717
1,59,142747
1,60,142652
1,61,142713
1,62,142816
1,63,142766
1,64,142704
1,65,142764
1,66,142717
1,67,142766
1,68,142784
1,69,142754
1,70,142737
1,71,142895
1,72,142824
1,73,142871
1,74,143060
1,75,142902
1,76,143106
1,77,143067
1,78,143028
1,79,143165
1,80,143155
1,81,143161
1,82,143139
1,83,143174
1,84,143101
1,85,143096
1,86,143150
1,87,143224
1,88,143233
1,89,143280
1,90,143285
1,91,143394
1,92,143546
1,93,143667
1,94,143880
1,95,144237
1,96,144572
1,97,145157
1,98,146172
1,99,146996
1,100,148024
1,101,148987
1,102,149741
1,103,150583
1,104,151273
1,105,152269
1,106,153321
1,107,154274
1,108,154696
1,109,154848
1,110,154864
1,111,154888
1,112,154744
1,113,154789
1,114,154901
1,115,154901
1,116,154966
1,117,154880
1,118,154845
1,119,154731
1,120,154358
1,121,154620
1,122,154499
1,123,154125
1,124,154063
1,125,153862
1,126,153632
1,127,153515
1,128,153307
1,129,153048
1,130,152573
1,131,152392
1,132,152077
1,133,151840
1,134,151679
1,135,151421
1,136,151395
1,137,151159
1,138,151003
1,139,150727
1,140,150571
1,141,150533
1,142,150717
1,143,150839
1,144,151040
1,145,151232
1,146,151247
1,147,151434
1,148,151726
1,149,151890
1,150,152136
1,151,152455
1,152,153251
1,153,153509
1,154,154244
1,155,154776
1,156,155243
1,157,155940
1,158,156889
1,159,157495
1,160,158218
1,161,158967
1,162,159822
1,163,160741
1,164,162007
1,165,162604
1,166,163861
1,167,164506
1,168,166015
1,169,167643
1,170,169673
1,171,171448
1,172,174422
1,173,177783
1,174,181166
1,175,186012
1,176,192872
1,177,199302
1,178,207583
1,179,221862
1,180,243547
1,181,270672
1,182,307057
1,183,368358
1,184,493055
1,185,702048
1,186,902487
1,187,1.18008e+006
1,188,1.78352e+006
1,189,2.86733e+006
1,190,3.65655e+006
1,191,4.34911e+006
1,192,5.61238e+006
1,193,6.37563e+006
1,194,6.60473e+006
1,195,6.88131e+006
1,196,7.10348e+006
1,197,7.14607e+006
1,198,7.11662e+006
1,199,7.25259e+006
1,200,7.38928e+006
1,201,7.4233e+006
1,202,7.39874e+006
1,203,7.0835e+006
1,204,6.01403e+006
1,205,4.0646e+006
1,206,2.34456e+006
1,207,1.31042e+006
1,208,815456
1,209,583321
1,210,475043
1,211,411194
1,212,362835
1,213,312688
1,214,276645
1,215,255984
1,216,239941
1,217,227019
1,218,219755
1,219,215555
1,220,213736
1,221,214912
1,222,218833
1,223,222422
1,224,223560
1,225,224642
1,226,224292
1,227,219771
1,228,211109
1,229,205621
1,230,199301
1,231,193722
1,232,188644
1,233,186505
1,234,186445
1,235,186546
1,236,186197
1,237,186379
1,238,186092
1,239,186784
1,240,186617
1,241,185616
1,242,184929
1,243,183789
1,244,182528
1,245,181442
1,246,181307
1,247,181703
1,248,183052
1,249,184518
1,250,186462
1,251,188017
1,252,189219
1,253,189406
1,254,188152
1,255,186265
1,256,183788
1,257,181245
1,258,179323
1,259,177499
1,260,176322
1,261,175674
1,262,175237
1,263,174323
1,264,173277
1,265,171896
1,266,170432
1,267,169256
1,268,168862
1,269,169201
1,270,169056
1,271,169614
1,272,170108
1,273,169891
1,274,169959
1,275,169142
1,276,168767
1,277,167947
1,278,167147
1,279,165808
1,280,164964
1,281,163660
1,282,163446
1,283,163420
1,284,163756
1,285,164540
1,286,165615
1,287,166914
1,288,167663
1,289,168591
1,290,169704
1,291,170643
1,292,171801
1,293,173724
1,294,175680
1,295,176785
1,296,177886
1,297,178886
1,298,180206
1,299,180729
1,300,181232
1,301,180510
1,302,178085
1,303,175418
1,304,173642
1,305,172441
1,306,170913
1,307,169411
1,308,168703
1,309,167611
1,310,166941
1,311,166674
1,312,166912
1,313,168101
1,314,169087
1,315,169648
1,316,169960
1,317,170220
1,318,170214
1,319,170278
1,320,169947
1,321,169405
1,322,169507
1,323,170330
1,324,171228
1,325,171703
1,326,172251
1,327,173185
1,328,174677
1,329,175905
1,330,177687
1,331,179430
1,332,181881
1,333,184154
1,334,185766
1,335,186138
1,336,185362
1,337,184392
1,338,183414
1,339,181884
1,340,180503
1,341,178463
1,342,175421
1,343,173013
1,344,170709
1,345,169022
1,346,167771
1,347,166616
1,348,165060
1,349,163422
1,350,162364
1,351,161405
1,352,160016
1,353,159029
1,354,158134
1,355,157725
1,356,157040
1,357,156455
1,358,155729
1,359,155041
1,360,154401
1,361,153748
1,362,153402
1,363,153192
1,364,153073
1,365,153084
1,366,153121
1,367,153122
1,368,153080
1,369,153056
1,370,153031
1,371,152896
1,372,152975
1,373,152923
1,374,152761
1,375,152786
1,376,152543
1,377,152612
1,378,152723
1,379,152654
1,380,152546
1,381,152363
1,382,152281
1,383,152295
1,384,152410
1,385,152929
1,386,153168
1,387,153777
1,388,154198
1,389,154694
1,390,155453
1,391,156207
1,392,155914
1,393,155315
1,394,155023
1,395,154194
1,396,153089
1,397,152849
1,398,152536
1,399,152397
1,400,152210
1,401,151840
1,402,151952
1,403,151747
1,404,151770
1,405,151665
1,406,151456
1,407,151433
1,408,151333
1,409,151070
1,410,151305
1,411,151477
1,412,151449
1,413,151408
1,414,151130
1,415,151074
1,416,151031
1,417,150997
1,418,150991
1,419,151004
1,420,151275
1,421,151371
1,422,151309
1,423,151258
1,424,151431
1,425,151224
1,426,151323
1,427,151534
1,428,152049
1,429,152063
1,430,152152
1,431,152129
1,432,152198
1,433,152175
1,434,151902
1,435,152354
1,436,152532
1,437,152414
1,438,152778
1,439,152749
1,440,152793
1,441,152792
1,442,152677
1,443,152814
1,444,153088
1,445,153083
1,446,153244
1,447,153153
1,448,152849
1,449,152891
1,450,152817
1,451,152875
1,452,152834
1,453,153043
1,454,153148
1,455,153029
1,456,152731
1,457,152602
1,458,152495
1,459,152668
1,460,152844
1,461,153447
1,462,153381
1,463,153172
1,464,153011
1,465,152383
1,466,152367
1,467,152672
1,468,152886
1,469,153074
1,470,152765
1,471,152622
1,472,152317
1,473,152169
1,474,152371
1,475,152312
1,476,152169
1,477,152088
1,478,152050
1,479,151668
1,480,151386
1,481,151231
1,482,151177
1,483,151282
1,484,151218
1,485,151359
1,486,150937
1,487,150605
1,488,150418
1,489,150625
1,490,150972
1,491,150885
1,492,150463
1,493,149651
1,494,148907
1,495,148309
1,496,147734
1,497,147552
1,498,147326
1,499,147125
1,500,146965
1,501,146967
1,502,147011
1,503,147102
1,504,147132
1,505,147282
1,506,147206
1,507,147203
1,508,147220
1,509,147119
1,510,147348
1,511,147499
1,512,147376
1,513,147140
1,514,147036
1,515,147227
1,516,147464
1,517,147600
1,518,147830
1,519,147889
1,520,147981
1,521,148222
1,522,148470
1,523,148350
1,524,147402
1,525,146230
1,526,146026
1,527,145494
1,528,145236
1,529,145112
1,530,145235
1,531,145349
1,532,145367
1,533,145359
1,534,145720
1,535,146431
1,536,145999
1,537,146021
1,538,146152
1,539,145877
1,540,146028
1,541,146729
1,542,146694
1,543,146569
1,544,145839
1,545,145794
1,546,145691
1,547,145438
1,548,145328
1,549,145110
1,550,145298
1,551,145440
1,552,145273
1,553,145206
1,554,144894
1,555,144915
1,556,144979
1,557,144767
1,558,145000
1,559,144890
1,560,144970
1,561,144899
1,562,144877
1,563,144829
1,564,144933
1,565,144937
1,566,144947
1,567,144894
1,568,145001
1,569,144895
1,570,145050
1,571,145249
1,572,145233
1,573,145341
1,574,145207
1,575,145254
1,576,145472
1,577,145319
1,578,145441
1,579,145468
1,580,145477
1,581,145342
1,582,145535
1,583,145595
1,584,145224
1,585,145445
1,586,145306
1,587,145332
1,588,145254
1,589,145173
1,590,145022
1,591,145016
1,592,144949
1,593,144812
1,594,144834
1,595,144904
1,596,144894
1,597,144854
1,598,144840
1,599,144907
1,600,144730
1,601,144833
1,602,144841
1,603,144903
1,604,144758
1,605,144746
1,606,144747
1,607,144765
1,608,144751
1,609,144790
1,610,144759
1,611,144909
1,612,144852
1,613,144805
1,614,144698
1,615,144746
1,616,144794
1,617,144762
1,618,144726
1,619,144758
1,620,144729
1,621,144678
1,622,144685
1,623,144720
1,624,144822
1,625,145100
1,626,145606
1,627,144720
1,628,144619
1,629,144798
1,630,144745
1,631,144532
1,632,144699
1,633,144529
1,634,144622
1,635,144707
1,636,144619
1,637,144581
1,638,144543
1,639,144724
1,640,144784
1,641,144629
1,642,144620
1,643,144692
1,644,144615
1,645,144565
1,646,144564
1,647,144455
1,648,144717
1,649,144572
1,650,144620
1,651,144576
1,652,144598
1,653,144585
1,654,144609
1,655,144541
1,656,144513
1,657,144464
1,658,144387
1,659,144534
1,660,144316
1,661,144572
1,662,144455
1,663,144425
1,664,144409
1,665,144308
1,666,144458
1,667,144307
1,668,144357
1,669,144302
1,670,144270
1,671,144384
1,672,144326
1,673,144250
1,674,144392
1,675,144490
1,676,144381
1,677,144302
1,678,144338
1,679,144398
1,680,144474
1,681,144966
1,682,144375
1,683,144312
1,684,144370
1,685,144456
1,686,144324
1,687,144371
1,688,144327
1,689,144445
1,690,144450
1,691,144362
1,692,144362
1,693,144438
1,694,144426
1,695,144418
1,696,144295
1,697,144231
1,698,144326
1,699,144323
1,700,144352
1,701,144423
1,702,144371
1,703,144317
1,704,144453
1,705,144435
1,706,144373
1,707,144384
1,708,144414
1,709,144258
1,710,144314
1,711,144360
1,712,144302
1,713,144383
1,714,144404
1,715,144394
1,716,144506
1,717,144421
1,718,144435
1,719,144467
1,720,144526
1,721,144422
1,722,144459
1,723,144477
1,724,144433
1,725,144479
1,726,144454
1,727,144408
1,728,144536
1,729,144516
1,730,144604
1,731,144497
1,732,144392
1,733,144593
1,734,144388
1,735,144482
1,736,144420
1,737,144504
1,738,144560
1,739,144453
1,740,144385
1,741,144335
1,742,144413
1,743,144519
1,744,144592
1,745,144503
1,746,144551
1,747,144488
1,748,144563
1,749,144483
1,750,144469
1,751,144602
1,752,144497
1,753,144449
1,754,144459
1,755,144410
1,756,144526
1,757,144475
1,758,144352
1,759,144530
1,760,144567
1,761,144493
1,762,144324
1,763,144548
1,764,144449
1,765,144543
1,766,144495
1,767,144551
1,768,144512
1,769,144483
1,770,144464
1,771,144563
1,772,144469
1,773,144474
1,774,144405
1,775,144490
1,776,144482
1,777,144615
1,778,144575
1,779,144382
1,780,144564
1,781,144648
1,782,144590
1,783,144662
1,784,144686
1,785,144540
1,786,144578
1,787,144507
1,788,144483
1,789,144530
1,790,144622
1,791,144612
1,792,144642
1,793,144611
1,794,144588
1,795,144650
1,796,144593
1,797,144762
1,798,144672
1,799,144593
1,800,144554
1,801,144559
1,802,144574
1,803,144641
1,804,144597
1,805,144639
1,806,144624
1,807,144658
1,808,144593
1,809,144679
1,810,144622
1,811,144666
1,812,144495
1,813,144722
1,814,144663
1,815,144723
1,816,144506
1,817,144698
1,818,144515
1,819,144724
1,820,144686
1,821,144732
1,822,144583
1,823,144657
1,824,144707
1,825,144695
1,826,144660
1,827,144711
1,828,144674
1,829,144642
1,830,144719
1,831,144722
1,832,144691
1,833,144593
1,834,144675
1,835,144795
1,836,144871
1,837,144750
1,838,144756
1,839,144902
1,840,144825
1,841,144730
1,842,144646
1,843,144737
1,844,144637
1,845,144790
1,846,144730
1,847,144670
1,848,144756
1,849,144733
1,850,144696
1,851,144797
1,852,144775
1,853,144826
1,854,144683
1,855,144738
1,856,144800
1,857,144872
1,858,144705
1,859,144745
1,860,144771
1,861,144664
1,862,144713
1,863,144826
1,864,144774
1,865,144719
1,866,144781
1,867,144759
1,868,144701
1,869,144777
1,870,144834
1,871,144893
1,872,144760
1,873,144617
1,874,144715
1,875,144804
1,876,144819
1,877,144820
1,878,144684
1,879,144840
1,880,144814
1,881,144815
1,882,144873
1,883,144736
1,884,144700
1,885,144798
1,886,144847
1,887,144825
1,888,144774
1,889,144812
1,890,144937
1,891,144817
1,892,144792
1,893,144973
1,894,144766
1,895,144916
1,896,144926
1,897,144896
1,898,144924
1,899,144809
1,900,144938
1,901,144873
1,902,144896
1,903,144936
1,904,144838
1,905,144867
1,906,144983
1,907,144725
1,908,145001
1,909,144931
1,910,144800
1,911,144925
1,912,144940
1,913,144883
1,914,144896
1,915,144956
1,916,144891
1,917,144871
1,918,144972
1,919,144892
1,920,144843
1,921,144842
1,922,144908
1,923,144864
1,924,144936
1,925,144854
1,926,144907
1,927,144819
1,928,144840
1,929,144896
1,930,144822
1,931,144877
1,932,144966
1,933,144937
1,934,144915
1,935,144911
1,936,144959
1,937,144998
1,938,144930
1,939,145059
1,940,144935
1,941,144898
1,942,144878
1,943,144791
1,944,144919
1,945,144862
1,946,144969
1,947,144887
1,948,144868
1,949,144799
1,950,144837
1,951,145035
1,952,144872
1,953,144928
1,954,144865
1,955,144917
1,956,145030
1,957,145046
1,958,145020
1,959,144969
1,960,145064
1,961,145013
1,962,144849
1,963,144952
1,964,145084
1,965,144880
1,966,145004
1,967,144993
1,968,145043
1,969,144929
1,970,144871
1,971,145032
1,972,144863
1,973,144872
1,974,144947
1,975,144831
1,976,145059
1,977,145001
1,978,145075
1,979,144937
1,980,144913
1,981,144866
1,982,144920
1,983,144936
1,984,145003
1,985,144936
1,986,145012
1,987,145141
1,988,144956
1,989,144960
1,990,144938
1,991,145085
1,992,144953
1,993,144897
1,994,145070
1,995,144927
1,996,144966
1,997,144946
1,998,145041
1,999,144806
1,1000,144945
1,1001,145105
1,1002,145088
1,1003,145054
1,1004,144988
1,1005,145063
1,1006,145106
1,1007,145120
1,1008,144940
1,1009,145183
1,1010,145002
1,1011,145020
1,1012,145058
1,1013,145042
1,1014,144995
1,1015,145088
1,1016,144941
1,1017,145036
1,1018,145035
1,1019,145061
1,1020,144988
1,1021,144905
1,1022,144962
1,1023,145049
1,1024,145181
1,1025,145054
1,1026,145058
1,1027,144915
1,1028,145024
1,1029,145144
1,1030,145070
1,1031,145037
1,1032,145089
1,1033,145108
1,1034,145080
1,1035,144999
1,1036,145126
1,1037,145099
1,1038,145064
1,1039,145071
1,1040,145239
1,1041,145140
1,1042,144976
1,1043,145057
1,1044,145098
1,1045,145133
1,1046,145188
1,1047,145097
1,1048,145153
1,1049,145126
1,1050,145031
1,1051,145042
1,1052,145173
1,1053,145152
1,1054,145062
1,1055,145044
1,1056,145111
1,1057,145118
1,1058,145115
1,1059,144909
1,1060,145062
1,1061,145093
1,1062,145092
1,1063,145091
1,1064,145170
1,1065,145050
1,1066,144994
1,1067,145079
1,1068,145091
1,1069,145021
1,1070,145222
1,1071,145109
1,1072,145098
1,1073,144945
1,1074,145170
1,1075,145138
1,1076,144913
1,1077,145094
1,1078,145103
1,1079,145162
1,1080,145175
1,1081,145037
1,1082,145078
1,1083,145209
1,1084,145313
1,1085,145024
1,1086,145075
1,1087,145192
1,1088,145131
1,1089,145195
1,1090,145147
1,1091,145027
1,1092,144973
1,1093,145140
1,1094,145104
1,1095,145087
1,1096,145180
1,1097,145110
1,1098,145291
1,1099,145103
1,1100,145170
1,1101,145323
1,1102,145152
1,1103,145187
1,1104,145180
1,1105,145138
1,1106,145096
1,1107,145096
1,1108,145185
1,1109,145138
1,1110,145280
1,1111,145219
1,1112,145035
1,1113,145180
1,1114,145203
1,1115,145211
1,1116,145097
1,1117,145078
1,1118,145278
1,1119,145160
1,1120,145179
1,1121,145201
1,1122,145034
1,1123,145181
1,1124,145168
1,1125,145219
1,1126,145228
1,1127,145079
1,1128,145206
1,1129,145243
1,1130,145234
1,1131,145206
1,1132,145214
1,1133,145345
1,1134,145395
1,1135,145246
1,1136,145289
1,1137,145114
1,1138,145196
1,1139,145255
1,1140,145341
1,1141,145251
1,1142,145300
1,1143,145263
1,1144,145194
1,1145,145345
1,1146,145225
1,1147,145182
1,1148,145250
1,1149,145290
1,1150,145291
1,1151,145192
1,1152,145223
1,1153,145142
1,1154,145164
1,1155,145332
1,1156,145151
1,1157,145279
1,1158,145238
1,1159,145180
1,1160,145312
1,1161,145271
1,1162,145131
1,1163,145196
1,1164,145257
1,1165,145255
1,1166,145203
1,1167,145097
1,1168,145219
1,1169,145243
1,1170,145122
1,1171,145160
1,1172,145020
1,1173,145216
1,1174,145158
1,1175,145244
1,1176,145120
1,1177,145312
1,1178,145148
1,1179,145230
1,1180,145122
1,1181,145147
1,1182,145296
1,1183,145154
1,1184,145293
1,1185,145192
1,1186,145183
1,1187,145096
1,1188,145062
1,1189,145093
1,1190,145153
1,1191,145146
1,1192,145102
1,1193,145065
1,1194,145229
1,1195,145111
1,1196,145027
1,1197,145068
1,1198,144956
1,1199,144990
1,1200,145107
1,1201,145117
1,1202,144972
1,1203,145031
1,1204,145082
1,1205,145009
1,1206,144946
1,1207,144948
1,1208,145044
1,1209,145091
1,1210,145034
1,1211,145105
1,1212,144930
1,1213,145152
1,1214,145070
1,1215,145043
1,1216,145143
1,1217,145131
1,1218,145079
1,1219,145043
1,1220,145102
1,1221,145085
1,1222,145079
1,1223,145127
1,1224,145079
1,1225,145108
1,1226,145050
1,1227,145107
1,1228,145089
1,1229,145239
1,1230,145274
1,1231,145125
1,1232,145177
1,1233,145236
1,1234,145110
1,1235,145220
1,1236,145223
1,1237,145162
1,1238,145117
1,1239,145149
1,1240,145207
1,1241,145048
1,1242,145225
1,1243,145180
1,1244,145208
1,1245,145198
1,1246,145092
1,1247,145240
1,1248,145264
1,1249,145132
1,1250,145289
1,1251,145205
1,1252,145100
1,1253,145095
1,1254,145249
1,1255,145132
1,1256,145170
1,1257,145244
1,1258,145274
1,1259,145118
1,1260,145235
1,1261,145104
1,1262,145201
1,1263,145211
1,1264,145081
1,1265,145284
1,1266,145242
1,1267,145097
1,1268,145164
1,1269,145092
1,1270,145195
1,1271,145230
1,1272,145253
1,1273,145110
1,1274,145213
1,1275,145009
1,1276,145111
1,1277,145059
1,1278,145034
1,1279,145167
1,1280,145166
1,1281,145127
1,1282,145130
1,1283,145193
1,1284,145181
1,1285,145026
1,1286,145112
1,1287,145159
1,1288,145110
1,1289,145083
1,1290,145075
1,1291,145110
1,1292,145122
1,1293,145086
1,1294,145065
1,1295,145189
1,1296,145169
1,1297,145041
1,1298,145257
1,1299,145090
1,1300,145000
1,1301,145043
1,1302,144973
1,1303,144941
1,1304,145148
1,1305,145072
1,1306,144949
1,1307,145133
1,1308,145137
1,1309,145105
1,1310,145105
1,1311,145093
1,1312,144962
1,1313,145019
1,1314,145004
1,1315,144864
1,1316,144991
1,1317,145083
1,1318,144779
1,1319,145027
1,1320,145027
1,1321,144934
1,1322,145042
1,1323,145032
1,1324,144956
1,1325,144950
1,1326,145041
1,1327,144851
1,1328,144843
1,1329,144890
1,1330,144808
1,1331,144878
1,1332,144843
1,1333,144546
1,1334,144639
1,1335,144683
1,1336,144554
1,1337,144603
1,1338,144544
1,1339,143687
1,1340,166215
