1,1,86046
1,2,85818
1,3,85945
1,4,85653
1,5,86439
1,6,86206
1,7,87133
1,8,88379
1,9,88827
1,10,87754
1,11,87455
1,12,88087
1,13,87851
1,14,87130
1,15,87215
1,16,86870
1,17,87091
1,18,88113
1,19,87431
1,20,87661
1,21,87335
1,22,88140
1,23,88495
1,24,88874
1,25,88218
1,26,89229
1,27,88513
1,28,89248
1,29,88720
1,30,89063
1,31,89192
1,32,89045
1,33,89573
1,34,89651
1,35,89475
1,36,90065
1,37,90380
1,38,89985
1,39,89987
1,40,90272
1,41,90533
1,42,90880
1,43,91541
1,44,93155
1,45,91709
1,46,91604
1,47,92102
1,48,92026
1,49,92593
1,50,92064
1,51,91748
1,52,92160
1,53,92811
1,54,92907
1,55,92831
1,56,93343
1,57,94028
1,58,94730
1,59,93949
1,60,93486
1,61,93678
1,62,94268
1,63,94949
1,64,94211
1,65,94303
1,66,94380
1,67,94702
1,68,94880
1,69,95135
1,70,95806
1,71,96422
1,72,96761
1,73,98074
1,74,101942
1,75,99698
1,76,100477
1,77,101968
1,78,101999
1,79,104046
1,80,103575
1,81,103189
1,82,102790
1,83,101594
1,84,101085
1,85,100372
1,86,100551
1,87,102442
1,88,102497
1,89,103019
1,90,104106
1,91,104654
1,92,106363
1,93,107795
1,94,110150
1,95,114639
1,96,119693
1,97,126780
1,98,134515
1,99,145306
1,100,155677
1,101,166482
1,102,177561
1,103,185485
1,104,195048
1,105,205222
1,106,217382
1,107,227708
1,108,234075
1,109,236264
1,110,236203
1,111,237005
1,112,238206
1,113,240878
1,114,242881
1,115,243896
1,116,244616
1,117,245550
1,118,246746
1,119,247136
1,120,247242
1,121,248314
1,122,248333
1,123,248013
1,124,246939
1,125,245655
1,126,246105
1,127,246186
1,128,243902
1,129,239740
1,130,235939
1,131,233147
1,132,231025
1,133,230718
1,134,230952
1,135,228421
1,136,227547
1,137,228172
1,138,228418
1,139,227417
1,140,228378
1,141,229981
1,142,232920
1,143,236583
1,144,240780
1,145,245536
1,146,248782
1,147,253365
1,148,259030
1,149,264334
1,150,271012
1,151,279969
1,152,290817
1,153,303085
1,154,314739
1,155,325479
1,156,336311
1,157,351231
1,158,364429
1,159,376557
1,160,391399
1,161,407140
1,162,425109
1,163,444865
1,164,466428
1,165,488060
1,166,511172
1,167,534623
1,168,563758
1,169,600139
1,170,638596
1,171,686528
1,172,748154
1,173,815102
1,174,892379
1,175,1.00475e+006
1,176,1.14793e+006
1,177,1.28958e+006
1,178,1.46615e+006
1,179,1.76039e+006
1,180,2.21669e+006
1,181,2.79744e+006
1,182,3.2088e+006
1,183,3.51802e+006
1,184,3.82201e+006
1,185,4.16436e+006
1,186,4.3923e+006
1,187,4.70437e+006
1,188,5.41097e+006
1,189,6.12952e+006
1,190,6.5535e+006
1,191,6.5535e+006
1,192,6.5535e+006
1,193,6.5535e+006
1,194,6.5535e+006
1,195,6.5535e+006
1,196,6.5535e+006
1,197,6.5535e+006
1,198,6.5535e+006
1,199,6.5535e+006
1,200,6.5535e+006
1,201,6.5535e+006
1,202,6.5535e+006
1,203,6.5535e+006
1,204,6.5535e+006
1,205,6.5535e+006
1,206,6.5535e+006
1,207,5.84289e+006
1,208,5.0956e+006
1,209,4.69544e+006
1,210,4.33548e+006
1,211,4.03619e+006
1,212,3.83048e+006
1,213,3.56652e+006
1,214,3.0354e+006
1,215,2.55418e+006
1,216,2.1904e+006
1,217,1.90626e+006
1,218,1.76666e+006
1,219,1.67153e+006
1,220,1.63913e+006
1,221,1.68166e+006
1,222,1.76633e+006
1,223,1.85144e+006
1,224,1.8775e+006
1,225,1.88926e+006
1,226,1.85099e+006
1,227,1.72842e+006
1,228,1.53072e+006
1,229,1.39747e+006
1,230,1.26401e+006
1,231,1.14752e+006
1,232,1.0518e+006
1,233,1.0213e+006
1,234,1.0264e+006
1,235,1.03363e+006
1,236,1.03459e+006
1,237,1.03016e+006
1,238,1.03649e+006
1,239,1.052e+006
1,240,1.05398e+006
1,241,1.03477e+006
1,242,1.00883e+006
1,243,982280
1,244,955934
1,245,933118
1,246,921911
1,247,921538
1,248,938503
1,249,965743
1,250,995512
1,251,1.02674e+006
1,252,1.057e+006
1,253,1.06778e+006
1,254,1.04314e+006
1,255,998117
1,256,947921
1,257,908280
1,258,869221
1,259,832762
1,260,806334
1,261,794860
1,262,786463
1,263,776013
1,264,753602
1,265,724480
1,266,693983
1,267,670263
1,268,662124
1,269,664085
1,270,671051
1,271,682026
1,272,692205
1,273,694050
1,274,690578
1,275,679647
1,276,667824
1,277,650457
1,278,628883
1,279,600516
1,280,571804
1,281,543346
1,282,531778
1,283,529359
1,284,536649
1,285,553700
1,286,579483
1,287,607846
1,288,629289
1,289,650604
1,290,667179
1,291,683331
1,292,710613
1,293,745410
1,294,778685
1,295,798859
1,296,810642
1,297,831291
1,298,840799
1,299,830810
1,300,820700
1,301,798833
1,302,742914
1,303,679570
1,304,638431
1,305,609497
1,306,574265
1,307,555266
1,308,543222
1,309,533975
1,310,531116
1,311,533044
1,312,545454
1,313,565251
1,314,585798
1,315,597847
1,316,603085
1,317,607589
1,318,609430
1,319,610768
1,320,604914
1,321,604908
1,322,606459
1,323,623112
1,324,641867
1,325,654005
1,326,666491
1,327,686763
1,328,709774
1,329,738000
1,330,771064
1,331,806641
1,332,853300
1,333,902896
1,334,939379
1,335,954303
1,336,948655
1,337,940329
1,338,934085
1,339,917572
1,340,895727
1,341,855814
1,342,804018
1,343,748189
1,344,700357
1,345,665749
1,346,639275
1,347,610763
1,348,577808
1,349,543378
1,350,511223
1,351,482907
1,352,454640
1,353,430215
1,354,410054
1,355,398645
1,356,385451
1,357,372504
1,358,359812
1,359,348054
1,360,337157
1,361,325977
1,362,319242
1,363,314027
1,364,311430
1,365,307017
1,366,304826
1,367,302804
1,368,300225
1,369,299913
1,370,298531
1,371,298657
1,372,299024
1,373,298717
1,374,301094
1,375,302838
1,376,304927
1,377,307261
1,378,309239
1,379,311183
1,380,311107
1,381,310073
1,382,306811
1,383,307115
1,384,303077
1,385,303801
1,386,306004
1,387,311388
1,388,317580
1,389,322841
1,390,327804
1,391,333416
1,392,332299
1,393,328322
1,394,321100
1,395,311218
1,396,303716
1,397,302449
1,398,294352
1,399,289021
1,400,290054
1,401,290876
1,402,288450
1,403,287217
1,404,287990
1,405,289225
1,406,283763
1,407,277895
1,408,274059
1,409,267428
1,410,265740
1,411,266113
1,412,266459
1,413,265325
1,414,263407
1,415,260899
1,416,259899
1,417,259890
1,418,259958
1,419,264890
1,420,270012
1,421,272563
1,422,273224
1,423,273246
1,424,274172
1,425,272568
1,426,272677
1,427,277389
1,428,284464
1,429,289364
1,430,289697
1,431,288738
1,432,285792
1,433,284348
1,434,286697
1,435,287998
1,436,291190
1,437,294037
1,438,294683
1,439,294393
1,440,294534
1,441,294284
1,442,293674
1,443,290742
1,444,292530
1,445,294712
1,446,296017
1,447,297380
1,448,297012
1,449,295849
1,450,295066
1,451,292819
1,452,291885
1,453,293738
1,454,297828
1,455,296389
1,456,291947
1,457,286028
1,458,281516
1,459,282931
1,460,288499
1,461,297062
1,462,300154
1,463,296729
1,464,289034
1,465,281973
1,466,280808
1,467,283692
1,468,288022
1,469,289987
1,470,286273
1,471,280279
1,472,276043
1,473,274277
1,474,272627
1,475,270381
1,476,269877
1,477,269095
1,478,265459
1,479,262140
1,480,259612
1,481,257224
1,482,253418
1,483,250194
1,484,250711
1,485,249685
1,486,248166
1,487,241320
1,488,235405
1,489,237914
1,490,242271
1,491,244917
1,492,238794
1,493,222916
1,494,208030
1,495,194113
1,496,185292
1,497,178324
1,498,175067
1,499,169583
1,500,167145
1,501,165185
1,502,165994
1,503,168338
1,504,170691
1,505,171689
1,506,169460
1,507,166921
1,508,167121
1,509,165723
1,510,166837
1,511,167328
1,512,166429
1,513,164161
1,514,162758
1,515,162784
1,516,166071
1,517,170916
1,518,172374
1,519,172923
1,520,174267
1,521,178067
1,522,182577
1,523,185459
1,524,175470
1,525,160708
1,526,155224
1,527,141196
1,528,136794
1,529,136110
1,530,137051
1,531,137410
1,532,139677
1,533,141107
1,534,150322
1,535,160836
1,536,153205
1,537,152681
1,538,158753
1,539,150271
1,540,155247
1,541,175427
1,542,173760
1,543,168777
1,544,154047
1,545,150640
1,546,146432
1,547,140866
1,548,141563
1,549,137716
1,550,139395
1,551,141336
1,552,139163
1,553,136079
1,554,131898
1,555,130902
1,556,129632
1,557,128803
1,558,129036
1,559,128443
1,560,128170
1,561,128497
1,562,129423
1,563,128313
1,564,128727
1,565,128028
1,566,127902
1,567,128755
1,568,127660
1,569,128292
1,570,129292
1,571,129888
1,572,130371
1,573,131277
1,574,131795
1,575,132876
1,576,133375
1,577,133343
1,578,132964
1,579,132941
1,580,133402
1,581,133677
1,582,133678
1,583,132712
1,584,133616
1,585,132907
1,586,132588
1,587,131695
1,588,130946
1,589,129812
1,590,127984
1,591,127357
1,592,125983
1,593,124489
1,594,124703
1,595,123858
1,596,123388
1,597,123100
1,598,123627
1,599,122942
1,600,122791
1,601,122526
1,602,123035
1,603,122137
1,604,121793
1,605,121517
1,606,121693
1,607,121637
1,608,121461
1,609,121267
1,610,121807
1,611,121427
1,612,121254
1,613,121326
1,614,120801
1,615,120805
1,616,120593
1,617,120768
1,618,120398
1,619,120048
1,620,120047
1,621,119416
1,622,120029
1,623,119404
1,624,120041
1,625,119466
1,626,119995
1,627,118935
1,628,118878
1,629,119343
1,630,119005
1,631,118357
1,632,118580
1,633,118640
1,634,118863
1,635,118363
1,636,118560
1,637,118272
1,638,118043
1,639,117718
1,640,117736
1,641,117427
1,642,117722
1,643,118306
1,644,117515
1,645,117511
1,646,116742
1,647,116735
1,648,116609
1,649,116440
1,650,116494
1,651,116781
1,652,115910
1,653,116638
1,654,116373
1,655,116039
1,656,116205
1,657,115886
1,658,115714
1,659,115291
1,660,114495
1,661,115570
1,662,115406
1,663,114870
1,664,114486
1,665,114637
1,666,114129
1,667,114434
1,668,113943
1,669,113858
1,670,115033
1,671,114529
1,672,114239
1,673,114828
1,674,113837
1,675,114438
1,676,114322
1,677,114345
1,678,114481
1,679,115002
1,680,114910
1,681,128280
1,682,114136
1,683,114270
1,684,113853
1,685,114719
1,686,113850
1,687,114306
1,688,114418
1,689,114247
1,690,113980
1,691,114055
1,692,114175
1,693,113198
1,694,113288
1,695,113438
1,696,113053
1,697,113662
1,698,113285
1,699,113239
1,700,112494
1,701,112343
1,702,112360
1,703,112869
1,704,113227
1,705,112263
1,706,112781
1,707,112877
1,708,112821
1,709,112374
1,710,112256
1,711,112783
1,712,112348
1,713,112337
1,714,112778
1,715,113169
1,716,112420
1,717,113216
1,718,112905
1,719,113126
1,720,113340
1,721,112824
1,722,113617
1,723,113727
1,724,113446
1,725,113986
1,726,113233
1,727,113324
1,728,113734
1,729,113696
1,730,113667
1,731,113516
1,732,113789
1,733,113549
1,734,112864
1,735,112734
1,736,112425
1,737,112819
1,738,112662
1,739,112980
1,740,112677
1,741,113048
1,742,112566
1,743,112759
1,744,113034
1,745,113333
1,746,114035
1,747,112522
1,748,112401
1,749,113198
1,750,113650
1,751,113350
1,752,112829
1,753,112825
1,754,112909
1,755,112845
1,756,113320
1,757,113343
1,758,112311
1,759,112289
1,760,112806
1,761,112784
1,762,112415
1,763,112256
1,764,112858
1,765,112676
1,766,112544
1,767,112260
1,768,112744
1,769,113010
1,770,111904
1,771,112734
1,772,112691
1,773,112763
1,774,112761
1,775,112809
1,776,112785
1,777,112566
1,778,112259
1,779,112471
1,780,112906
1,781,112379
1,782,112687
1,783,112516
1,784,112821
1,785,113389
1,786,113225
1,787,112570
1,788,112199
1,789,112711
1,790,113248
1,791,113119
1,792,112898
1,793,113151
1,794,112970
1,795,112562
1,796,113385
1,797,113371
1,798,113060
1,799,112607
1,800,112848
1,801,113424
1,802,114040
1,803,113279
1,804,113247
1,805,112447
1,806,112560
1,807,113088
1,808,112992
1,809,113052
1,810,112950
1,811,113321
1,812,112934
1,813,113161
1,814,113149
1,815,113926
1,816,112786
1,817,113371
1,818,113258
1,819,113459
1,820,113705
1,821,114402
1,822,113530
1,823,113158
1,824,113081
1,825,113251
1,826,113239
1,827,113402
1,828,113806
1,829,113196
1,830,113865
1,831,113772
1,832,113490
1,833,112778
1,834,113201
1,835,113761
1,836,114863
1,837,113025
1,838,113401
1,839,113806
1,840,113153
1,841,113254
1,842,114042
1,843,113915
1,844,113152
1,845,114033
1,846,112989
1,847,113424
1,848,113516
1,849,113085
1,850,113182
1,851,113601
1,852,113167
1,853,114815
1,854,112502
1,855,113176
1,856,113593
1,857,113052
1,858,113141
1,859,112740
1,860,113073
1,861,113358
1,862,112642
1,863,113377
1,864,113070
1,865,113071
1,866,113188
1,867,113078
1,868,112518
1,869,113811
1,870,114542
1,871,113233
1,872,113369
1,873,112026
1,874,113017
1,875,113201
1,876,113261
1,877,113278
1,878,112925
1,879,113221
1,880,113414
1,881,113753
1,882,113656
1,883,113398
1,884,112978
1,885,113772
1,886,113318
1,887,113298
1,888,113338
1,889,113530
1,890,113129
1,891,112638
1,892,113909
1,893,113579
1,894,113339
1,895,112982
1,896,113045
1,897,112908
1,898,113461
1,899,113504
1,900,113341
1,901,113068
1,902,113403
1,903,113821
1,904,113345
1,905,112595
1,906,114268
1,907,113916
1,908,114010
1,909,113623
1,910,112824
1,911,113907
1,912,113791
1,913,113468
1,914,113272
1,915,112843
1,916,113326
1,917,112835
1,918,113647
1,919,113769
1,920,113329
1,921,112998
1,922,112742
1,923,113198
1,924,113055
1,925,112914
1,926,112975
1,927,113453
1,928,112902
1,929,112960
1,930,113368
1,931,113517
1,932,113061
1,933,113656
1,934,112985
1,935,113219
1,936,113454
1,937,112921
1,938,113357
1,939,113114
1,940,113506
1,941,113348
1,942,113128
1,943,114062
1,944,114023
1,945,113173
1,946,113319
1,947,113278
1,948,112855
1,949,113420
1,950,113126
1,951,113144
1,952,113530
1,953,112848
1,954,113231
1,955,114911
1,956,113099
1,957,113751
1,958,113300
1,959,113654
1,960,115697
1,961,113264
1,962,113439
1,963,113490
1,964,113429
1,965,112815
1,966,113035
1,967,113201
1,968,113134
1,969,113259
1,970,113331
1,971,113386
1,972,113456
1,973,113222
1,974,112836
1,975,113125
1,976,113635
1,977,113431
1,978,113298
1,979,112858
1,980,112844
1,981,113484
1,982,112847
1,983,112646
1,984,112504
1,985,112633
1,986,113388
1,987,113124
1,988,112688
1,989,113202
1,990,113120
1,991,113125
1,992,113363
1,993,112596
1,994,113164
1,995,112765
1,996,112828
1,997,113484
1,998,112565
1,999,112694
1,1000,112841
1,1001,113389
1,1002,113150
1,1003,112888
1,1004,112783
1,1005,113225
1,1006,113208
1,1007,113636
1,1008,113390
1,1009,113633
1,1010,112830
1,1011,113171
1,1012,113593
1,1013,113407
1,1014,112783
1,1015,113224
1,1016,112879
1,1017,113939
1,1018,112363
1,1019,112465
1,1020,112808
1,1021,113168
1,1022,112956
1,1023,113528
1,1024,112517
1,1025,113157
1,1026,113076
1,1027,112747
1,1028,112690
1,1029,113576
1,1030,113072
1,1031,113324
1,1032,113062
1,1033,113168
1,1034,114131
1,1035,112722
1,1036,113193
1,1037,113253
1,1038,113810
1,1039,112645
1,1040,113310
1,1041,113473
1,1042,113160
1,1043,113471
1,1044,113458
1,1045,112765
1,1046,113354
1,1047,113128
1,1048,113052
1,1049,113408
1,1050,112969
1,1051,112685
1,1052,114444
1,1053,113133
1,1054,113409
1,1055,113230
1,1056,113029
1,1057,113737
1,1058,112848
1,1059,113669
1,1060,112533
1,1061,113466
1,1062,113433
1,1063,113331
1,1064,113300
1,1065,113194
1,1066,113603
1,1067,112878
1,1068,113726
1,1069,113062
1,1070,113045
1,1071,113042
1,1072,113166
1,1073,112996
1,1074,113105
1,1075,113299
1,1076,113124
1,1077,112532
1,1078,112801
1,1079,112844
1,1080,113327
1,1081,113366
1,1082,113536
1,1083,113457
1,1084,113788
1,1085,113393
1,1086,112979
1,1087,113352
1,1088,112958
1,1089,113115
1,1090,112930
1,1091,113541
1,1092,113515
1,1093,112849
1,1094,113924
1,1095,115224
1,1096,113957
1,1097,114100
1,1098,115645
1,1099,116644
1,1100,116140
1,1101,116077
1,1102,115591
1,1103,115885
1,1104,114854
1,1105,114112
1,1106,113858
1,1107,114079
1,1108,113693
1,1109,114221
1,1110,114243
1,1111,113885
1,1112,114122
1,1113,114064
1,1114,114207
1,1115,115316
1,1116,113962
1,1117,114142
1,1118,114618
1,1119,113944
1,1120,114427
1,1121,114092
1,1122,114068
1,1123,114553
1,1124,115278
1,1125,114792
1,1126,114455
1,1127,114002
1,1128,114611
1,1129,114630
1,1130,114929
1,1131,114596
1,1132,114570
1,1133,114321
1,1134,114761
1,1135,114846
1,1136,114420
1,1137,114465
1,1138,114493
1,1139,115204
1,1140,115128
1,1141,114933
1,1142,115793
1,1143,115040
1,1144,115201
1,1145,115233
1,1146,116756
1,1147,114900
1,1148,115319
1,1149,115255
1,1150,114762
1,1151,115041
1,1152,114508
1,1153,114477
1,1154,114632
1,1155,115035
1,1156,114510
1,1157,113991
1,1158,114643
1,1159,114375
1,1160,113907
1,1161,113916
1,1162,113151
1,1163,112917
1,1164,113588
1,1165,113206
1,1166,112277
1,1167,112202
1,1168,112242
1,1169,112710
1,1170,111951
1,1171,111880
1,1172,111876
1,1173,112119
1,1174,111510
1,1175,111228
1,1176,111666
1,1177,111979
1,1178,111480
1,1179,111949
1,1180,111936
1,1181,112375
1,1182,113479
1,1183,113924
1,1184,112933
1,1185,112870
1,1186,113303
1,1187,112454
1,1188,112209
1,1189,111236
1,1190,110688
1,1191,110730
1,1192,110363
1,1193,110446
1,1194,109986
1,1195,109287
1,1196,109331
1,1197,109200
1,1198,109119
1,1199,109031
1,1200,108504
1,1201,109260
1,1202,109894
1,1203,108363
1,1204,108474
1,1205,108766
1,1206,107983
1,1207,108398
1,1208,108779
1,1209,108360
1,1210,107484
1,1211,108039
1,1212,109015
1,1213,107865
1,1214,107921
1,1215,108112
1,1216,108074
1,1217,107855
1,1218,108191
1,1219,108175
1,1220,108035
1,1221,108153
1,1222,108698
1,1223,109762
1,1224,108645
1,1225,109320
1,1226,108864
1,1227,108784
1,1228,109064
1,1229,109211
1,1230,109384
1,1231,108732
1,1232,109674
1,1233,109210
1,1234,108414
1,1235,108501
1,1236,109287
1,1237,108701
1,1238,107517
1,1239,108437
1,1240,108236
1,1241,107772
1,1242,107923
1,1243,107299
1,1244,107102
1,1245,107220
1,1246,106158
1,1247,107650
1,1248,106689
1,1249,106987
1,1250,107689
1,1251,107339
1,1252,105935
1,1253,106415
1,1254,106157
1,1255,106054
1,1256,106128
1,1257,107124
1,1258,106545
1,1259,106459
1,1260,105942
1,1261,105606
1,1262,106268
1,1263,105424
1,1264,105553
1,1265,105724
1,1266,105938
1,1267,105265
1,1268,105787
1,1269,105433
1,1270,104365
1,1271,104673
1,1272,104879
1,1273,105072
1,1274,105285
1,1275,104857
1,1276,105227
1,1277,105670
1,1278,105057
1,1279,104923
1,1280,105988
1,1281,104958
1,1282,104778
1,1283,104988
1,1284,105356
1,1285,104855
1,1286,104771
1,1287,104459
1,1288,104954
1,1289,104869
1,1290,104741
1,1291,104568
1,1292,104123
1,1293,105264
1,1294,104220
1,1295,104275
1,1296,104781
1,1297,104120
1,1298,104331
1,1299,104759
1,1300,104688
1,1301,103756
1,1302,104134
1,1303,104309
1,1304,104926
1,1305,105330
1,1306,104324
1,1307,103804
1,1308,104266
1,1309,103661
1,1310,103927
1,1311,104449
1,1312,104183
1,1313,104024
1,1314,103530
1,1315,104537
1,1316,104144
1,1317,103624
1,1318,103688
1,1319,104390
1,1320,104029
1,1321,103892
1,1322,104083
1,1323,103853
1,1324,103892
1,1325,103868
1,1326,103986
1,1327,103461
1,1328,103324
1,1329,103718
1,1330,103608
1,1331,103148
1,1332,103475
1,1333,103379
1,1334,103164
1,1335,103659
1,1336,102956
1,1337,103674
1,1338,102902
1,1339,102614
1,1340,113271
