1,1,118745
1,2,120215
1,3,122260
1,4,124361
1,5,126804
1,6,129465
1,7,132258
1,8,134036
1,9,136730
1,10,138624
1,11,140395
1,12,142896
1,13,145209
1,14,147152
1,15,149623
1,16,150699
1,17,152535
1,18,155335
1,19,160131
1,20,161495
1,21,162612
1,22,164060
1,23,165112
1,24,166824
1,25,168372
1,26,171070
1,27,172744
1,28,175078
1,29,175173
1,30,176651
1,31,178522
1,32,180341
1,33,182052
1,34,183366
1,35,184642
1,36,186689
1,37,188236
1,38,189245
1,39,191084
1,40,191580
1,41,193644
1,42,195591
1,43,197322
1,44,199741
1,45,199626
1,46,200845
1,47,202696
1,48,203269
1,49,204717
1,50,205089
1,51,206596
1,52,207912
1,53,209534
1,54,210502
1,55,211297
1,56,212674
1,57,214360
1,58,216160
1,59,217065
1,60,216886
1,61,218706
1,62,220434
1,63,221766
1,64,222138
1,65,222964
1,66,224575
1,67,225941
1,68,227047
1,69,228155
1,70,229876
1,71,231745
1,72,233757
1,73,236304
1,74,240919
1,75,239356
1,76,241685
1,77,244527
1,78,245774
1,79,248281
1,80,249567
1,81,250171
1,82,250206
1,83,250526
1,84,250885
1,85,251538
1,86,253698
1,87,256637
1,88,257361
1,89,259591
1,90,262324
1,91,264524
1,92,268586
1,93,272273
1,94,278997
1,95,287799
1,96,298541
1,97,314171
1,98,332250
1,99,354925
1,100,378647
1,101,401738
1,102,422479
1,103,439856
1,104,462284
1,105,488645
1,106,515469
1,107,536201
1,108,549263
1,109,553840
1,110,554843
1,111,558057
1,112,563944
1,113,567780
1,114,572453
1,115,576630
1,116,577822
1,117,578885
1,118,578524
1,119,575977
1,120,574086
1,121,573932
1,122,574101
1,123,571490
1,124,568642
1,125,565217
1,126,563510
1,127,561525
1,128,554500
1,129,545849
1,130,536692
1,131,531388
1,132,526868
1,133,525804
1,134,525055
1,135,520081
1,136,517575
1,137,518128
1,138,515547
1,139,512114
1,140,511176
1,141,512136
1,142,515583
1,143,522453
1,144,528823
1,145,534270
1,146,539941
1,147,545161
1,148,551757
1,149,559281
1,150,571144
1,151,583947
1,152,599184
1,153,616834
1,154,632543
1,155,648331
1,156,665768
1,157,687228
1,158,704589
1,159,720886
1,160,742663
1,161,764218
1,162,791324
1,163,818082
1,164,847721
1,165,876790
1,166,903859
1,167,935560
1,168,976957
1,169,1.0201e+006
1,170,1.06785e+006
1,171,1.12785e+006
1,172,1.20564e+006
1,173,1.2898e+006
1,174,1.3856e+006
1,175,1.52495e+006
1,176,1.70327e+006
1,177,1.88367e+006
1,178,2.10362e+006
1,179,2.47181e+006
1,180,3.05376e+006
1,181,3.53339e+006
1,182,3.77876e+006
1,183,4.01947e+006
1,184,4.39594e+006
1,185,4.71561e+006
1,186,4.99583e+006
1,187,5.3312e+006
1,188,6.01935e+006
1,189,6.5535e+006
1,190,6.5535e+006
1,191,6.5535e+006
1,192,6.5535e+006
1,193,6.5535e+006
1,194,6.5535e+006
1,195,6.5535e+006
1,196,6.5535e+006
1,197,6.5535e+006
1,198,6.5535e+006
1,199,6.5535e+006
1,200,6.5535e+006
1,201,6.5535e+006
1,202,6.5535e+006
1,203,6.5535e+006
1,204,6.5535e+006
1,205,6.5535e+006
1,206,6.5535e+006
1,207,6.29976e+006
1,208,5.64306e+006
1,209,5.20254e+006
1,210,4.79307e+006
1,211,4.47737e+006
1,212,4.24894e+006
1,213,4.00236e+006
1,214,3.64309e+006
1,215,3.29593e+006
1,216,2.87492e+006
1,217,2.51166e+006
1,218,2.32326e+006
1,219,2.1922e+006
1,220,2.13139e+006
1,221,2.17222e+006
1,222,2.27067e+006
1,223,2.37164e+006
1,224,2.40131e+006
1,225,2.4188e+006
1,226,2.38388e+006
1,227,2.24074e+006
1,228,2.00305e+006
1,229,1.83184e+006
1,230,1.66469e+006
1,231,1.5148e+006
1,232,1.39019e+006
1,233,1.34694e+006
1,234,1.34992e+006
1,235,1.35424e+006
1,236,1.35703e+006
1,237,1.35221e+006
1,238,1.3521e+006
1,239,1.36733e+006
1,240,1.37811e+006
1,241,1.35816e+006
1,242,1.33014e+006
1,243,1.30548e+006
1,244,1.2791e+006
1,245,1.24774e+006
1,246,1.23217e+006
1,247,1.23088e+006
1,248,1.25286e+006
1,249,1.28613e+006
1,250,1.32056e+006
1,251,1.35471e+006
1,252,1.38973e+006
1,253,1.40622e+006
1,254,1.37441e+006
1,255,1.31496e+006
1,256,1.25273e+006
1,257,1.19712e+006
1,258,1.14421e+006
1,259,1.09457e+006
1,260,1.05881e+006
1,261,1.04109e+006
1,262,1.02485e+006
1,263,1.00515e+006
1,264,975375
1,265,938888
1,266,901100
1,267,872705
1,268,861823
1,269,863537
1,270,870349
1,271,882795
1,272,894682
1,273,892292
1,274,886902
1,275,873405
1,276,857075
1,277,835147
1,278,806112
1,279,772725
1,280,736908
1,281,703801
1,282,689043
1,283,687455
1,284,698633
1,285,721950
1,286,756770
1,287,792950
1,288,822697
1,289,854452
1,290,883663
1,291,911866
1,292,953722
1,293,1.01045e+006
1,294,1.06713e+006
1,295,1.10658e+006
1,296,1.13826e+006
1,297,1.18361e+006
1,298,1.21436e+006
1,299,1.21989e+006
1,300,1.22389e+006
1,301,1.20899e+006
1,302,1.13586e+006
1,303,1.05104e+006
1,304,987802
1,305,938720
1,306,874369
1,307,831058
1,308,802150
1,309,773354
1,310,752253
1,311,747483
1,312,759950
1,313,781994
1,314,812153
1,315,832031
1,316,844012
1,317,852792
1,318,860540
1,319,864985
1,320,860464
1,321,861516
1,322,865264
1,323,891241
1,324,923086
1,325,944715
1,326,971283
1,327,1.00149e+006
1,328,1.03691e+006
1,329,1.07313e+006
1,330,1.11957e+006
1,331,1.17526e+006
1,332,1.24344e+006
1,333,1.31585e+006
1,334,1.37669e+006
1,335,1.40268e+006
1,336,1.40203e+006
1,337,1.39384e+006
1,338,1.37834e+006
1,339,1.34773e+006
1,340,1.30987e+006
1,341,1.25977e+006
1,342,1.20125e+006
1,343,1.14281e+006
1,344,1.09785e+006
1,345,1.06809e+006
1,346,1.04309e+006
1,347,1.01129e+006
1,348,972031
1,349,927254
1,350,892316
1,351,859956
1,352,833657
1,353,814070
1,354,800336
1,355,793625
1,356,784375
1,357,770444
1,358,754783
1,359,734828
1,360,716600
1,361,702697
1,362,695869
1,363,699940
1,364,705445
1,365,709370
1,366,711666
1,367,710415
1,368,706312
1,369,698157
1,370,692834
1,371,689962
1,372,689866
1,373,693136
1,374,700231
1,375,705938
1,376,714208
1,377,718441
1,378,721249
1,379,723303
1,380,721841
1,381,722618
1,382,724091
1,383,726436
1,384,731826
1,385,742503
1,386,750646
1,387,760802
1,388,773001
1,389,785520
1,390,799809
1,391,804505
1,392,799235
1,393,798049
1,394,789486
1,395,773365
1,396,751746
1,397,747045
1,398,742717
1,399,734465
1,400,727838
1,401,723362
1,402,724049
1,403,725748
1,404,726735
1,405,729639
1,406,730105
1,407,726882
1,408,722954
1,409,715731
1,410,713398
1,411,712064
1,412,712436
1,413,708905
1,414,707822
1,415,705890
1,416,702472
1,417,701317
1,418,700980
1,419,706150
1,420,711575
1,421,715531
1,422,718112
1,423,721058
1,424,724667
1,425,724575
1,426,723503
1,427,730740
1,428,740326
1,429,747683
1,430,750714
1,431,750236
1,432,748439
1,433,746532
1,434,750384
1,435,754768
1,436,760052
1,437,763609
1,438,767443
1,439,767749
1,440,767631
1,441,766261
1,442,763950
1,443,763411
1,444,762254
1,445,763903
1,446,765382
1,447,764805
1,448,766779
1,449,764607
1,450,763716
1,451,763266
1,452,764121
1,453,768312
1,454,774551
1,455,776734
1,456,772796
1,457,767960
1,458,761062
1,459,761872
1,460,767088
1,461,779191
1,462,786020
1,463,781849
1,464,773523
1,465,763969
1,466,760450
1,467,764669
1,468,771231
1,469,776114
1,470,774168
1,471,768016
1,472,762220
1,473,758979
1,474,757719
1,475,756084
1,476,754289
1,477,754072
1,478,751537
1,479,748107
1,480,742841
1,481,741267
1,482,740823
1,483,737101
1,484,739471
1,485,736156
1,486,734482
1,487,727585
1,488,718417
1,489,719252
1,490,723350
1,491,725331
1,492,717931
1,493,697286
1,494,679096
1,495,661070
1,496,650418
1,497,642245
1,498,637003
1,499,630390
1,500,627095
1,501,624803
1,502,626741
1,503,630350
1,504,634628
1,505,636463
1,506,635010
1,507,631559
1,508,631965
1,509,631957
1,510,632877
1,511,635037
1,512,633670
1,513,629902
1,514,628264
1,515,630681
1,516,634700
1,517,642730
1,518,647507
1,519,649098
1,520,650754
1,521,653049
1,522,657004
1,523,657752
1,524,637180
1,525,610965
1,526,605723
1,527,589504
1,528,583209
1,529,583604
1,530,583606
1,531,584930
1,532,587525
1,533,589079
1,534,599170
1,535,612278
1,536,602797
1,537,604102
1,538,611263
1,539,601375
1,540,607491
1,541,629875
1,542,626709
1,543,621469
1,544,606335
1,545,600631
1,546,595820
1,547,590352
1,548,591124
1,549,587180
1,550,589025
1,551,590722
1,552,590420
1,553,586582
1,554,581832
1,555,580849
1,556,579322
1,557,580024
1,558,579654
1,559,579202
1,560,577606
1,561,578872
1,562,580141
1,563,580086
1,564,581845
1,565,581706
1,566,580740
1,567,582093
1,568,581849
1,569,583040
1,570,584729
1,571,586218
1,572,588193
1,573,589133
1,574,589584
1,575,590985
1,576,591621
1,577,592112
1,578,592756
1,579,592560
1,580,592830
1,581,592696
1,582,592756
1,583,592393
1,584,593390
1,585,592848
1,586,591564
1,587,591292
1,588,591271
1,589,589325
1,590,588391
1,591,587104
1,592,586806
1,593,585209
1,594,586215
1,595,585800
1,596,584672
1,597,585027
1,598,584945
1,599,585283
1,600,584291
1,601,584686
1,602,586338
1,603,585769
1,604,584960
1,605,585057
1,606,586665
1,607,586582
1,608,587187
1,609,586996
1,610,587695
1,611,588315
1,612,588863
1,613,587540
1,614,588146
1,615,588297
1,616,587868
1,617,587916
1,618,589352
1,619,588453
1,620,588462
1,621,590241
1,622,589984
1,623,590626
1,624,589399
1,625,589601
1,626,590352
1,627,591460
1,628,591699
1,629,591906
1,630,591199
1,631,590941
1,632,592320
1,633,592333
1,634,594228
1,635,593027
1,636,594182
1,637,594534
1,638,593991
1,639,594232
1,640,594196
1,641,594001
1,642,595501
1,643,596528
1,644,595640
1,645,595334
1,646,595356
1,647,596735
1,648,595713
1,649,596320
1,650,598148
1,651,598230
1,652,597526
1,653,599891
1,654,604700
1,655,600551
1,656,600192
1,657,599674
1,658,599212
1,659,598803
1,660,598616
1,661,601395
1,662,601968
1,663,601315
1,664,601850
1,665,602007
1,666,601626
1,667,602093
1,668,603116
1,669,604058
1,670,605547
1,671,604881
1,672,605538
1,673,606552
1,674,607025
1,675,608957
1,676,609034
1,677,610121
1,678,609614
1,679,612006
1,680,612379
1,681,626406
1,682,613777
1,683,613690
1,684,614410
1,685,615625
1,686,614421
1,687,617038
1,688,616278
1,689,618333
1,690,619021
1,691,618752
1,692,620296
1,693,619528
1,694,620794
1,695,620999
1,696,621770
1,697,622062
1,698,623814
1,699,624038
1,700,624149
1,701,624574
1,702,625407
1,703,627451
1,704,628702
1,705,628880
1,706,627561
1,707,630515
1,708,630692
1,709,631974
1,710,632475
1,711,633878
1,712,633420
1,713,635396
1,714,636744
1,715,638172
1,716,638131
1,717,638776
1,718,638986
1,719,640561
1,720,641688
1,721,642054
1,722,643521
1,723,645312
1,724,646521
1,725,648088
1,726,648062
1,727,647962
1,728,649585
1,729,651655
1,730,650685
1,731,652613
1,732,653551
1,733,652902
1,734,653156
1,735,654949
1,736,654829
1,737,656820
1,738,658047
1,739,658687
1,740,658568
1,741,661841
1,742,661605
1,743,661829
1,744,663332
1,745,664181
1,746,664994
1,747,664662
1,748,665655
1,749,666673
1,750,668891
1,751,669082
1,752,669492
1,753,670702
1,754,669761
1,755,671388
1,756,673268
1,757,673626
1,758,675063
1,759,675553
1,760,677081
1,761,677565
1,762,678603
1,763,680074
1,764,680247
1,765,681906
1,766,683037
1,767,683810
1,768,684449
1,769,685972
1,770,684473
1,771,686447
1,772,687719
1,773,688811
1,774,690642
1,775,691546
1,776,691913
1,777,692212
1,778,693952
1,779,696438
1,780,695984
1,781,696683
1,782,699265
1,783,700267
1,784,701709
1,785,702326
1,786,703199
1,787,703099
1,788,705042
1,789,705948
1,790,707331
1,791,708263
1,792,709952
1,793,710904
1,794,710690
1,795,711091
1,796,712929
1,797,713288
1,798,714438
1,799,714481
1,800,716300
1,801,719227
1,802,718512
1,803,719483
1,804,720056
1,805,719952
1,806,721295
1,807,724106
1,808,724416
1,809,725901
1,810,727059
1,811,727797
1,812,728942
1,813,729166
1,814,730733
1,815,731604
1,816,731748
1,817,733465
1,818,733806
1,819,735387
1,820,735453
1,821,736260
1,822,736152
1,823,736876
1,824,738403
1,825,738728
1,826,740324
1,827,741890
1,828,743561
1,829,743631
1,830,743995
1,831,745459
1,832,746808
1,833,747078
1,834,749150
1,835,749567
1,836,751533
1,837,750793
1,838,751651
1,839,753708
1,840,755168
1,841,754177
1,842,757160
1,843,757997
1,844,757565
1,845,759369
1,846,758823
1,847,758038
1,848,760214
1,849,760983
1,850,763366
1,851,764191
1,852,764833
1,853,766472
1,854,764467
1,855,766180
1,856,767162
1,857,767731
1,858,769271
1,859,770631
1,860,770900
1,861,771060
1,862,772253
1,863,773244
1,864,773723
1,865,775039
1,866,775875
1,867,775616
1,868,776262
1,869,779360
1,870,779859
1,871,779344
1,872,779672
1,873,780125
1,874,779692
1,875,782045
1,876,782450
1,877,782900
1,878,783300
1,879,784952
1,880,785752
1,881,787401
1,882,788522
1,883,787683
1,884,789008
1,885,790210
1,886,790862
1,887,790606
1,888,793210
1,889,792432
1,890,793927
1,891,793719
1,892,794999
1,893,796029
1,894,796037
1,895,795979
1,896,798090
1,897,797506
1,898,799164
1,899,799887
1,900,799644
1,901,799345
1,902,801953
1,903,803121
1,904,802815
1,905,804068
1,906,804379
1,907,804927
1,908,804560
1,909,805189
1,910,806935
1,911,808382
1,912,807763
1,913,809403
1,914,808299
1,915,809254
1,916,809292
1,917,810215
1,918,810985
1,919,811243
1,920,812162
1,921,811592
1,922,812071
1,923,811100
1,924,810576
1,925,813171
1,926,813522
1,927,813494
1,928,814523
1,929,813806
1,930,814369
1,931,816078
1,932,815073
1,933,816234
1,934,815839
1,935,817057
1,936,817289
1,937,817860
1,938,819811
1,939,817754
1,940,819207
1,941,819846
1,942,818641
1,943,821200
1,944,821274
1,945,820236
1,946,820982
1,947,820364
1,948,820312
1,949,821548
1,950,820663
1,951,820249
1,952,822096
1,953,822884
1,954,822960
1,955,825276
1,956,823502
1,957,822086
1,958,824063
1,959,824407
1,960,826519
1,961,825317
1,962,823952
1,963,824588
1,964,824131
1,965,825019
1,966,824783
1,967,824019
1,968,824842
1,969,825186
1,970,824351
1,971,824649
1,972,825882
1,973,824796
1,974,825452
1,975,824165
1,976,826645
1,977,825390
1,978,824319
1,979,825571
1,980,825110
1,981,826417
1,982,826308
1,983,825007
1,984,825725
1,985,826418
1,986,827687
1,987,826277
1,988,825762
1,989,826402
1,990,826730
1,991,826908
1,992,826353
1,993,825336
1,994,826103
1,995,825749
1,996,825198
1,997,825818
1,998,824017
1,999,825917
1,1000,824973
1,1001,825021
1,1002,825043
1,1003,824752
1,1004,823203
1,1005,824681
1,1006,823105
1,1007,824310
1,1008,823661
1,1009,824552
1,1010,823593
1,1011,823458
1,1012,823840
1,1013,824473
1,1014,821260
1,1015,822807
1,1016,822402
1,1017,823162
1,1018,822523
1,1019,822827
1,1020,821235
1,1021,821059
1,1022,821383
1,1023,820966
1,1024,820172
1,1025,820468
1,1026,819896
1,1027,818681
1,1028,818594
1,1029,820527
1,1030,818408
1,1031,818557
1,1032,817683
1,1033,818321
1,1034,819049
1,1035,817863
1,1036,815908
1,1037,816828
1,1038,817414
1,1039,815160
1,1040,815129
1,1041,817357
1,1042,814919
1,1043,813490
1,1044,813459
1,1045,813426
1,1046,814122
1,1047,812576
1,1048,812446
1,1049,813660
1,1050,810212
1,1051,809368
1,1052,811329
1,1053,810029
1,1054,810937
1,1055,810319
1,1056,809415
1,1057,810605
1,1058,809091
1,1059,808641
1,1060,807248
1,1061,807930
1,1062,807364
1,1063,807900
1,1064,805929
1,1065,805909
1,1066,806089
1,1067,804672
1,1068,805357
1,1069,802316
1,1070,802955
1,1071,802343
1,1072,802948
1,1073,801368
1,1074,802439
1,1075,800753
1,1076,799417
1,1077,799979
1,1078,798779
1,1079,799236
1,1080,797684
1,1081,797160
1,1082,798412
1,1083,796256
1,1084,797340
1,1085,795119
1,1086,795338
1,1087,793303
1,1088,793346
1,1089,793503
1,1090,792906
1,1091,791674
1,1092,792369
1,1093,791092
1,1094,790797
1,1095,791108
1,1096,790142
1,1097,789837
1,1098,789580
1,1099,790108
1,1100,790066
1,1101,788215
1,1102,787820
1,1103,787752
1,1104,785319
1,1105,783805
1,1106,783760
1,1107,781986
1,1108,782397
1,1109,781687
1,1110,780364
1,1111,780520
1,1112,780214
1,1113,779133
1,1114,778980
1,1115,778491
1,1116,776930
1,1117,775475
1,1118,776446
1,1119,774909
1,1120,774752
1,1121,773077
1,1122,774694
1,1123,772709
1,1124,772189
1,1125,770422
1,1126,769788
1,1127,767148
1,1128,767536
1,1129,767226
1,1130,766258
1,1131,764528
1,1132,763765
1,1133,763768
1,1134,763766
1,1135,763854
1,1136,762768
1,1137,761468
1,1138,759672
1,1139,760822
1,1140,760153
1,1141,758326
1,1142,758235
1,1143,756674
1,1144,756090
1,1145,754913
1,1146,755338
1,1147,753936
1,1148,752675
1,1149,751120
1,1150,751079
1,1151,749402
1,1152,747005
1,1153,747760
1,1154,746349
1,1155,745448
1,1156,744112
1,1157,742676
1,1158,742857
1,1159,743146
1,1160,742098
1,1161,739228
1,1162,739206
1,1163,739109
1,1164,738685
1,1165,736628
1,1166,734772
1,1167,734242
1,1168,731404
1,1169,732792
1,1170,731799
1,1171,729204
1,1172,729388
1,1173,728417
1,1174,727674
1,1175,725277
1,1176,725500
1,1177,725562
1,1178,723683
1,1179,721937
1,1180,720499
1,1181,720408
1,1182,719978
1,1183,718981
1,1184,717050
1,1185,716147
1,1186,714978
1,1187,714625
1,1188,714965
1,1189,712366
1,1190,711469
1,1191,710909
1,1192,708247
1,1193,709368
1,1194,707336
1,1195,705234
1,1196,705740
1,1197,704140
1,1198,702450
1,1199,702135
1,1200,700357
1,1201,699541
1,1202,699072
1,1203,696696
1,1204,696407
1,1205,695757
1,1206,694722
1,1207,694339
1,1208,692690
1,1209,691707
1,1210,689307
1,1211,689072
1,1212,689625
1,1213,687371
1,1214,685478
1,1215,685231
1,1216,683323
1,1217,682334
1,1218,682691
1,1219,681407
1,1220,679759
1,1221,679493
1,1222,679619
1,1223,678686
1,1224,676414
1,1225,675736
1,1226,673103
1,1227,672213
1,1228,671651
1,1229,672121
1,1230,670152
1,1231,668597
1,1232,667765
1,1233,667910
1,1234,664794
1,1235,663292
1,1236,665598
1,1237,663031
1,1238,661075
1,1239,661455
1,1240,660105
1,1241,658527
1,1242,657282
1,1243,656823
1,1244,655427
1,1245,655062
1,1246,652954
1,1247,652683
1,1248,650745
1,1249,650492
1,1250,650371
1,1251,649118
1,1252,646683
1,1253,645239
1,1254,643993
1,1255,643662
1,1256,642190
1,1257,642239
1,1258,640098
1,1259,639239
1,1260,636905
1,1261,637006
1,1262,637501
1,1263,634042
1,1264,633283
1,1265,632873
1,1266,632799
1,1267,630351
1,1268,630132
1,1269,626980
1,1270,626550
1,1271,626001
1,1272,625070
1,1273,623066
1,1274,621692
1,1275,621447
1,1276,620407
1,1277,620835
1,1278,617856
1,1279,617270
1,1280,617672
1,1281,614500
1,1282,612427
1,1283,611569
1,1284,611676
1,1285,609351
1,1286,609684
1,1287,608618
1,1288,606753
1,1289,607453
1,1290,606047
1,1291,603965
1,1292,603115
1,1293,602848
1,1294,601235
1,1295,600327
1,1296,600728
1,1297,599130
1,1298,598132
1,1299,596605
1,1300,596332
1,1301,594362
1,1302,593369
1,1303,593335
1,1304,592770
1,1305,591552
1,1306,590144
1,1307,588693
1,1308,588734
1,1309,586307
1,1310,585777
1,1311,584980
1,1312,582922
1,1313,582863
1,1314,580848
1,1315,580729
1,1316,579739
1,1317,578470
1,1318,577503
1,1319,577691
1,1320,576377
1,1321,574641
1,1322,575295
1,1323,573413
1,1324,572388
1,1325,570711
1,1326,569850
1,1327,569276
1,1328,568232
1,1329,567045
1,1330,566815
1,1331,565333
1,1332,564950
1,1333,562960
1,1334,562315
1,1335,560945
1,1336,559679
1,1337,559697
1,1338,557911
1,1339,557492
1,1340,560133
