1,1,150562
1,2,150394
1,3,151632
1,4,151359
1,5,153152
1,6,153853
1,7,154426
1,8,155492
1,9,156059
1,10,155987
1,11,156656
1,12,157622
1,13,158676
1,14,159242
1,15,159995
1,16,160381
1,17,161909
1,18,164436
1,19,164899
1,20,166027
1,21,167528
1,22,171391
1,23,174895
1,24,176998
1,25,178303
1,26,180734
1,27,181591
1,28,183346
1,29,184006
1,30,185898
1,31,187066
1,32,189083
1,33,190763
1,34,191788
1,35,193156
1,36,195850
1,37,197183
1,38,198468
1,39,201386
1,40,203111
1,41,204653
1,42,207761
1,43,211211
1,44,214528
1,45,214595
1,46,217995
1,47,222118
1,48,223488
1,49,225477
1,50,225493
1,51,227718
1,52,229956
1,53,231244
1,54,232044
1,55,233525
1,56,236993
1,57,241093
1,58,244291
1,59,243649
1,60,245508
1,61,248869
1,62,252356
1,63,254799
1,64,254129
1,65,254675
1,66,257832
1,67,261365
1,68,265441
1,69,267933
1,70,272867
1,71,280244
1,72,287553
1,73,298685
1,74,310701
1,75,318380
1,76,333899
1,77,347083
1,78,359616
1,79,376847
1,80,377027
1,81,369881
1,82,363583
1,83,356975
1,84,351499
1,85,348055
1,86,354258
1,87,360820
1,88,368781
1,89,379358
1,90,393328
1,91,408370
1,92,431173
1,93,465084
1,94,514325
1,95,584394
1,96,681715
1,97,816494
1,98,993960
1,99,1.20819e+006
1,100,1.4365e+006
1,101,1.65134e+006
1,102,1.8388e+006
1,103,2.01634e+006
1,104,2.22169e+006
1,105,2.46007e+006
1,106,2.69648e+006
1,107,2.90412e+006
1,108,3.02767e+006
1,109,3.06724e+006
1,110,3.06956e+006
1,111,3.0858e+006
1,112,3.11076e+006
1,113,3.13218e+006
1,114,3.1424e+006
1,115,3.15724e+006
1,116,3.16004e+006
1,117,3.14982e+006
1,118,3.15121e+006
1,119,3.13342e+006
1,120,3.1019e+006
1,121,3.10126e+006
1,122,3.10221e+006
1,123,3.06926e+006
1,124,3.02492e+006
1,125,2.99193e+006
1,126,2.96451e+006
1,127,2.92917e+006
1,128,2.86298e+006
1,129,2.76989e+006
1,130,2.6721e+006
1,131,2.60549e+006
1,132,2.56113e+006
1,133,2.5271e+006
1,134,2.49058e+006
1,135,2.45037e+006
1,136,2.42025e+006
1,137,2.40335e+006
1,138,2.37411e+006
1,139,2.33544e+006
1,140,2.31393e+006
1,141,2.32344e+006
1,142,2.34761e+006
1,143,2.39864e+006
1,144,2.45693e+006
1,145,2.49808e+006
1,146,2.53747e+006
1,147,2.57068e+006
1,148,2.6248e+006
1,149,2.69678e+006
1,150,2.79087e+006
1,151,2.90439e+006
1,152,3.049e+006
1,153,3.20413e+006
1,154,3.35046e+006
1,155,3.49647e+006
1,156,3.65376e+006
1,157,3.85403e+006
1,158,4.02243e+006
1,159,4.18832e+006
1,160,4.38716e+006
1,161,4.59707e+006
1,162,4.8507e+006
1,163,5.12455e+006
1,164,5.37276e+006
1,165,5.56367e+006
1,166,5.72295e+006
1,167,5.85745e+006
1,168,5.96135e+006
1,169,6.03119e+006
1,170,6.07503e+006
1,171,6.12591e+006
1,172,6.18503e+006
1,173,6.24624e+006
1,174,6.2991e+006
1,175,6.36182e+006
1,176,6.48285e+006
1,177,6.52548e+006
1,178,6.5459e+006
1,179,6.55334e+006
1,180,6.5535e+006
1,181,6.5535e+006
1,182,6.5535e+006
1,183,6.5535e+006
1,184,6.5535e+006
1,185,6.5535e+006
1,186,6.5535e+006
1,187,6.5535e+006
1,188,6.5535e+006
1,189,6.5535e+006
1,190,6.5535e+006
1,191,6.5535e+006
1,192,6.5535e+006
1,193,6.5535e+006
1,194,6.5535e+006
1,195,6.5535e+006
1,196,6.5535e+006
1,197,6.5535e+006
1,198,6.5535e+006
1,199,6.5535e+006
1,200,6.5535e+006
1,201,6.5535e+006
1,202,6.5535e+006
1,203,6.5535e+006
1,204,6.5535e+006
1,205,6.5535e+006
1,206,6.5535e+006
1,207,6.5535e+006
1,208,6.5535e+006
1,209,6.5535e+006
1,210,6.5535e+006
1,211,6.5535e+006
1,212,6.5535e+006
1,213,6.5535e+006
1,214,6.5535e+006
1,215,6.5535e+006
1,216,6.5535e+006
1,217,6.5535e+006
1,218,6.5535e+006
1,219,6.5535e+006
1,220,6.5535e+006
1,221,6.5535e+006
1,222,6.5535e+006
1,223,6.5535e+006
1,224,6.5535e+006
1,225,6.5535e+006
1,226,6.5535e+006
1,227,6.5535e+006
1,228,6.5535e+006
1,229,6.5535e+006
1,230,6.5535e+006
1,231,6.5535e+006
1,232,6.48869e+006
1,233,6.48868e+006
1,234,6.48868e+006
1,235,6.48869e+006
1,236,6.48869e+006
1,237,6.48869e+006
1,238,6.4887e+006
1,239,6.48869e+006
1,240,6.48869e+006
1,241,6.48869e+006
1,242,6.48869e+006
1,243,6.48868e+006
1,244,6.48868e+006
1,245,6.48868e+006
1,246,6.48869e+006
1,247,6.48868e+006
1,248,6.48868e+006
1,249,6.48867e+006
1,250,6.48869e+006
1,251,6.48868e+006
1,252,6.48939e+006
1,253,6.50262e+006
1,254,6.48869e+006
1,255,6.48869e+006
1,256,6.48869e+006
1,257,6.48869e+006
1,258,6.48869e+006
1,259,6.48869e+006
1,260,6.48869e+006
1,261,6.48868e+006
1,262,6.48869e+006
1,263,6.48868e+006
1,264,6.48867e+006
1,265,6.48868e+006
1,266,6.48868e+006
1,267,6.48867e+006
1,268,6.48355e+006
1,269,6.48684e+006
1,270,6.48868e+006
1,271,6.48869e+006
1,272,6.48867e+006
1,273,6.48867e+006
1,274,6.48868e+006
1,275,6.48492e+006
1,276,6.47112e+006
1,277,6.44666e+006
1,278,6.41402e+006
1,279,6.37697e+006
1,280,6.29921e+006
1,281,6.15549e+006
1,282,6.04373e+006
1,283,6.02935e+006
1,284,6.07371e+006
1,285,6.13848e+006
1,286,6.19204e+006
1,287,6.24603e+006
1,288,6.28345e+006
1,289,6.34976e+006
1,290,6.39619e+006
1,291,6.40094e+006
1,292,6.41311e+006
1,293,6.44226e+006
1,294,6.47249e+006
1,295,6.47878e+006
1,296,6.48201e+006
1,297,6.48313e+006
1,298,6.48625e+006
1,299,6.48868e+006
1,300,6.48656e+006
1,301,6.48395e+006
1,302,6.48525e+006
1,303,6.48581e+006
1,304,6.48407e+006
1,305,6.47789e+006
1,306,6.42304e+006
1,307,6.3643e+006
1,308,6.29518e+006
1,309,6.25897e+006
1,310,6.21237e+006
1,311,6.18053e+006
1,312,6.21477e+006
1,313,6.25457e+006
1,314,6.26225e+006
1,315,6.25456e+006
1,316,6.21772e+006
1,317,6.18743e+006
1,318,6.14317e+006
1,319,6.08077e+006
1,320,6.00457e+006
1,321,5.94382e+006
1,322,5.89691e+006
1,323,5.8809e+006
1,324,5.86491e+006
1,325,5.85218e+006
1,326,5.85444e+006
1,327,5.87352e+006
1,328,5.89287e+006
1,329,5.91092e+006
1,330,5.93594e+006
1,331,5.96405e+006
1,332,5.98975e+006
1,333,6.00255e+006
1,334,6.07493e+006
1,335,6.09541e+006
1,336,6.12222e+006
1,337,6.08893e+006
1,338,6.03761e+006
1,339,6.00859e+006
1,340,5.99384e+006
1,341,5.96452e+006
1,342,5.92691e+006
1,343,5.89168e+006
1,344,5.86309e+006
1,345,5.8224e+006
1,346,5.75844e+006
1,347,5.697e+006
1,348,5.64925e+006
1,349,5.58891e+006
1,350,5.48424e+006
1,351,5.3247e+006
1,352,5.05048e+006
1,353,4.74685e+006
1,354,4.50392e+006
1,355,4.33496e+006
1,356,4.18968e+006
1,357,4.01965e+006
1,358,3.85815e+006
1,359,3.69792e+006
1,360,3.55091e+006
1,361,3.3993e+006
1,362,3.28653e+006
1,363,3.2386e+006
1,364,3.20241e+006
1,365,3.15547e+006
1,366,3.11732e+006
1,367,3.07523e+006
1,368,3.03517e+006
1,369,2.98929e+006
1,370,2.94692e+006
1,371,2.9092e+006
1,372,2.87668e+006
1,373,2.86012e+006
1,374,2.86238e+006
1,375,2.87224e+006
1,376,2.89445e+006
1,377,2.92825e+006
1,378,2.95638e+006
1,379,2.97725e+006
1,380,2.99184e+006
1,381,3.00402e+006
1,382,3.0025e+006
1,383,3.00275e+006
1,384,3.0212e+006
1,385,3.07269e+006
1,386,3.13143e+006
1,387,3.20771e+006
1,388,3.31338e+006
1,389,3.46577e+006
1,390,3.61312e+006
1,391,3.66144e+006
1,392,3.59736e+006
1,393,3.53033e+006
1,394,3.40892e+006
1,395,3.19707e+006
1,396,2.95586e+006
1,397,2.87443e+006
1,398,2.81968e+006
1,399,2.74171e+006
1,400,2.67478e+006
1,401,2.63364e+006
1,402,2.63154e+006
1,403,2.63398e+006
1,404,2.62421e+006
1,405,2.62346e+006
1,406,2.61306e+006
1,407,2.58686e+006
1,408,2.53167e+006
1,409,2.48223e+006
1,410,2.45415e+006
1,411,2.4434e+006
1,412,2.43756e+006
1,413,2.40483e+006
1,414,2.37536e+006
1,415,2.33839e+006
1,416,2.30349e+006
1,417,2.28758e+006
1,418,2.29395e+006
1,419,2.32567e+006
1,420,2.38248e+006
1,421,2.40865e+006
1,422,2.41926e+006
1,423,2.43557e+006
1,424,2.45702e+006
1,425,2.44347e+006
1,426,2.43973e+006
1,427,2.49739e+006
1,428,2.57117e+006
1,429,2.64004e+006
1,430,2.68314e+006
1,431,2.68061e+006
1,432,2.66313e+006
1,433,2.64554e+006
1,434,2.66162e+006
1,435,2.70658e+006
1,436,2.75718e+006
1,437,2.79668e+006
1,438,2.82952e+006
1,439,2.83081e+006
1,440,2.81446e+006
1,441,2.79404e+006
1,442,2.76948e+006
1,443,2.74696e+006
1,444,2.7499e+006
1,445,2.75942e+006
1,446,2.77276e+006
1,447,2.78637e+006
1,448,2.79308e+006
1,449,2.78015e+006
1,450,2.77337e+006
1,451,2.76766e+006
1,452,2.76828e+006
1,453,2.80385e+006
1,454,2.85043e+006
1,455,2.85568e+006
1,456,2.8256e+006
1,457,2.76575e+006
1,458,2.70194e+006
1,459,2.69592e+006
1,460,2.7518e+006
1,461,2.84926e+006
1,462,2.91203e+006
1,463,2.8932e+006
1,464,2.79409e+006
1,465,2.68982e+006
1,466,2.6482e+006
1,467,2.68582e+006
1,468,2.75513e+006
1,469,2.8001e+006
1,470,2.77617e+006
1,471,2.71169e+006
1,472,2.66134e+006
1,473,2.63186e+006
1,474,2.60612e+006
1,475,2.58497e+006
1,476,2.57767e+006
1,477,2.56331e+006
1,478,2.52891e+006
1,479,2.47585e+006
1,480,2.4227e+006
1,481,2.39987e+006
1,482,2.37676e+006
1,483,2.34443e+006
1,484,2.35587e+006
1,485,2.32931e+006
1,486,2.30306e+006
1,487,2.2079e+006
1,488,2.12588e+006
1,489,2.14201e+006
1,490,2.19885e+006
1,491,2.22499e+006
1,492,2.14923e+006
1,493,1.94705e+006
1,494,1.73205e+006
1,495,1.5635e+006
1,496,1.44686e+006
1,497,1.38034e+006
1,498,1.32813e+006
1,499,1.2747e+006
1,500,1.2375e+006
1,501,1.21072e+006
1,502,1.21921e+006
1,503,1.26033e+006
1,504,1.309e+006
1,505,1.33147e+006
1,506,1.3125e+006
1,507,1.27485e+006
1,508,1.25624e+006
1,509,1.256e+006
1,510,1.28206e+006
1,511,1.30033e+006
1,512,1.29001e+006
1,513,1.24468e+006
1,514,1.21724e+006
1,515,1.22281e+006
1,516,1.27274e+006
1,517,1.34229e+006
1,518,1.38924e+006
1,519,1.40657e+006
1,520,1.41902e+006
1,521,1.46197e+006
1,522,1.51753e+006
1,523,1.52574e+006
1,524,1.30859e+006
1,525,1.0516e+006
1,526,981843
1,527,810145
1,528,743369
1,529,739843
1,530,754933
1,531,762205
1,532,785797
1,533,806596
1,534,934007
1,535,1.05377e+006
1,536,945695
1,537,975462
1,538,1.03473e+006
1,539,937962
1,540,1.00812e+006
1,541,1.24158e+006
1,542,1.21165e+006
1,543,1.13513e+006
1,544,968212
1,545,926697
1,546,860742
1,547,806745
1,548,796166
1,549,760288
1,550,776382
1,551,797119
1,552,773748
1,553,726500
1,554,679048
1,555,665899
1,556,647997
1,557,639423
1,558,638881
1,559,633752
1,560,633411
1,561,641938
1,562,645274
1,563,645922
1,564,645745
1,565,649477
1,566,649513
1,567,653371
1,568,656887
1,569,671879
1,570,686846
1,571,702500
1,572,720783
1,573,741100
1,574,755045
1,575,759935
1,576,774833
1,577,780944
1,578,791921
1,579,793679
1,580,798445
1,581,803990
1,582,801625
1,583,801750
1,584,797076
1,585,783020
1,586,767816
1,587,743775
1,588,722855
1,589,693893
1,590,670302
1,591,648038
1,592,626486
1,593,607807
1,594,595943
1,595,586849
1,596,578022
1,597,572904
1,598,570706
1,599,565879
1,600,561957
1,601,561752
1,602,561842
1,603,557484
1,604,556990
1,605,553539
1,606,552240
1,607,550963
1,608,549047
1,609,544828
1,610,543171
1,611,540351
1,612,538215
1,613,538111
1,614,535487
1,615,535102
1,616,533102
1,617,529783
1,618,526339
1,619,522755
1,620,521128
1,621,521636
1,622,519802
1,623,518451
1,624,515439
1,625,513553
1,626,511409
1,627,509640
1,628,507851
1,629,506775
1,630,502759
1,631,500935
1,632,499811
1,633,497523
1,634,496529
1,635,495806
1,636,492358
1,637,489666
1,638,487862
1,639,485640
1,640,484850
1,641,481408
1,642,478954
1,643,480282
1,644,477559
1,645,473102
1,646,469520
1,647,467961
1,648,464949
1,649,461612
1,650,462563
1,651,458569
1,652,452755
1,653,454474
1,654,453672
1,655,448817
1,656,443742
1,657,436347
1,658,427387
1,659,418843
1,660,411979
1,661,408781
1,662,405609
1,663,403287
1,664,399874
1,665,398265
1,666,398145
1,667,396843
1,668,396076
1,669,394147
1,670,394568
1,671,393047
1,672,393329
1,673,395003
1,674,395217
1,675,396522
1,676,397389
1,677,397836
1,678,397444
1,679,397419
1,680,397447
1,681,408905
1,682,392927
1,683,392011
1,684,391622
1,685,393528
1,686,393407
1,687,394068
1,688,393653
1,689,393368
1,690,389518
1,691,389672
1,692,386566
1,693,385728
1,694,382797
1,695,378401
1,696,374825
1,697,371829
1,698,368535
1,699,365225
1,700,362773
1,701,361838
1,702,360790
1,703,359383
1,704,358697
1,705,357952
1,706,357254
1,707,356671
1,708,356390
1,709,355710
1,710,355646
1,711,356378
1,712,356144
1,713,356441
1,714,357261
1,715,358269
1,716,357379
1,717,357143
1,718,355308
1,719,354548
1,720,353912
1,721,352289
1,722,352305
1,723,353748
1,724,353918
1,725,353784
1,726,353390
1,727,352908
1,728,352272
1,729,351522
1,730,350520
1,731,350276
1,732,350268
1,733,350028
1,734,348894
1,735,348476
1,736,347238
1,737,345424
1,738,344839
1,739,344945
1,740,343497
1,741,344516
1,742,343608
1,743,343394
1,744,343180
1,745,343492
1,746,343845
1,747,341386
1,748,340068
1,749,341090
1,750,341602
1,751,340656
1,752,339921
1,753,339751
1,754,339783
1,755,338030
1,756,338216
1,757,337307
1,758,336306
1,759,336293
1,760,336430
1,761,335708
1,762,334680
1,763,335098
1,764,334877
1,765,333807
1,766,334049
1,767,333105
1,768,333058
1,769,333253
1,770,330973
1,771,331860
1,772,332253
1,773,330658
1,774,329325
1,775,328776
1,776,327865
1,777,327712
1,778,328512
1,779,328874
1,780,328743
1,781,328577
1,782,328831
1,783,328796
1,784,328621
1,785,329255
1,786,328806
1,787,328880
1,788,329854
1,789,328913
1,790,329143
1,791,329143
1,792,328001
1,793,328052
1,794,327928
1,795,327231
1,796,327624
1,797,326873
1,798,325716
1,799,325403
1,800,324783
1,801,325718
1,802,325727
1,803,325869
1,804,325144
1,805,325263
1,806,325630
1,807,326316
1,808,325104
1,809,324424
1,810,324484
1,811,324702
1,812,323180
1,813,323653
1,814,323230
1,815,323520
1,816,321742
1,817,321691
1,818,321445
1,819,320933
1,820,320426
1,821,319568
1,822,318292
1,823,318500
1,824,318341
1,825,318700
1,826,318633
1,827,318212
1,828,317775
1,829,316814
1,830,316538
1,831,316345
1,832,315543
1,833,315117
1,834,315489
1,835,315393
1,836,315857
1,837,313606
1,838,313375
1,839,313208
1,840,311980
1,841,310854
1,842,310259
1,843,309266
1,844,308217
1,845,307705
1,846,306082
1,847,305770
1,848,305513
1,849,305340
1,850,305059
1,851,305149
1,852,304120
1,853,304619
1,854,302597
1,855,302402
1,856,301821
1,857,300146
1,858,299999
1,859,299133
1,860,298836
1,861,298056
1,862,296608
1,863,296619
1,864,296457
1,865,296351
1,866,296253
1,867,295761
1,868,294823
1,869,295976
1,870,295247
1,871,293307
1,872,292165
1,873,289651
1,874,290740
1,875,290591
1,876,290246
1,877,289847
1,878,290133
1,879,290309
1,880,291350
1,881,292148
1,882,291921
1,883,292507
1,884,292291
1,885,292686
1,886,292580
1,887,292390
1,888,291450
1,889,291752
1,890,291614
1,891,290261
1,892,291236
1,893,290451
1,894,289738
1,895,288691
1,896,287328
1,897,286274
1,898,286137
1,899,286130
1,900,285967
1,901,284885
1,902,284788
1,903,284686
1,904,285214
1,905,284125
1,906,284808
1,907,284858
1,908,284865
1,909,284138
1,910,282628
1,911,283054
1,912,283357
1,913,282273
1,914,281673
1,915,282368
1,916,282356
1,917,281379
1,918,281392
1,919,281864
1,920,281073
1,921,279514
1,922,278478
1,923,278570
1,924,277969
1,925,276916
1,926,276671
1,927,276224
1,928,275831
1,929,275512
1,930,276244
1,931,275918
1,932,275467
1,933,275925
1,934,275643
1,935,276275
1,936,276025
1,937,275060
1,938,274437
1,939,274789
1,940,273556
1,941,273681
1,942,273378
1,943,273871
1,944,273705
1,945,272580
1,946,272190
1,947,272222
1,948,271272
1,949,272166
1,950,272877
1,951,272088
1,952,271994
1,953,270514
1,954,269714
1,955,270533
1,956,268216
1,957,268686
1,958,268643
1,959,267769
1,960,268826
1,961,266225
1,962,265583
1,963,264597
1,964,263503
1,965,262735
1,966,262220
1,967,262581
1,968,261895
1,969,261413
1,970,261587
1,971,261307
1,972,261304
1,973,260817
1,974,259671
1,975,259613
1,976,259734
1,977,258686
1,978,258555
1,979,258393
1,980,258685
1,981,259184
1,982,257681
1,983,256948
1,984,256092
1,985,256208
1,986,255472
1,987,255958
1,988,255623
1,989,256100
1,990,255604
1,991,255710
1,992,254314
1,993,254437
1,994,254858
1,995,254059
1,996,254745
1,997,255244
1,998,253743
1,999,253985
1,1000,252836
1,1001,253288
1,1002,253541
1,1003,252530
1,1004,252515
1,1005,252254
1,1006,252117
1,1007,252005
1,1008,251318
1,1009,251878
1,1010,251352
1,1011,250980
1,1012,250816
1,1013,250640
1,1014,250916
1,1015,251138
1,1016,250975
1,1017,251071
1,1018,248675
1,1019,248568
1,1020,249555
1,1021,249297
1,1022,249837
1,1023,252355
1,1024,250564
1,1025,251260
1,1026,251232
1,1027,250938
1,1028,251203
1,1029,251357
1,1030,251052
1,1031,251137
1,1032,251018
1,1033,250899
1,1034,250769
1,1035,248896
1,1036,249183
1,1037,248515
1,1038,248427
1,1039,247186
1,1040,247663
1,1041,247905
1,1042,247968
1,1043,247760
1,1044,247851
1,1045,247121
1,1046,246621
1,1047,245786
1,1048,245307
1,1049,245461
1,1050,245327
1,1051,244647
1,1052,246167
1,1053,245601
1,1054,245676
1,1055,245985
1,1056,244145
1,1057,245226
1,1058,244448
1,1059,245302
1,1060,244126
1,1061,244837
1,1062,245206
1,1063,245022
1,1064,244298
1,1065,243712
1,1066,244060
1,1067,243244
1,1068,243077
1,1069,242087
1,1070,240994
1,1071,241322
1,1072,240915
1,1073,240526
1,1074,240656
1,1075,241099
1,1076,239078
1,1077,239232
1,1078,239120
1,1079,238954
1,1080,238228
1,1081,238024
1,1082,237412
1,1083,236308
1,1084,237033
1,1085,235867
1,1086,235606
1,1087,235362
1,1088,234238
1,1089,233583
1,1090,233622
1,1091,233088
1,1092,232849
1,1093,230738
1,1094,231094
1,1095,231962
1,1096,230000
1,1097,230193
1,1098,231105
1,1099,232058
1,1100,231731
1,1101,230893
1,1102,229388
1,1103,230194
1,1104,227921
1,1105,226666
1,1106,225620
1,1107,225323
1,1108,224955
1,1109,225255
1,1110,225365
1,1111,224491
1,1112,224541
1,1113,223359
1,1114,224042
1,1115,224787
1,1116,223333
1,1117,222981
1,1118,222243
1,1119,221219
1,1120,220854
1,1121,219556
1,1122,218960
1,1123,219380
1,1124,219769
1,1125,218474
1,1126,217745
1,1127,216444
1,1128,217273
1,1129,216296
1,1130,216830
1,1131,215389
1,1132,215706
1,1133,214807
1,1134,214252
1,1135,214606
1,1136,213773
1,1137,213730
1,1138,213020
1,1139,213238
1,1140,212109
1,1141,211432
1,1142,212371
1,1143,210732
1,1144,210126
1,1145,209303
1,1146,210398
1,1147,208059
1,1148,207722
1,1149,206817
1,1150,206070
1,1151,205830
1,1152,204798
1,1153,204039
1,1154,203653
1,1155,203495
1,1156,202465
1,1157,201316
1,1158,201584
1,1159,202228
1,1160,200628
1,1161,200115
1,1162,200160
1,1163,199332
1,1164,199064
1,1165,198808
1,1166,197989
1,1167,197675
1,1168,197346
1,1169,197321
1,1170,197309
1,1171,196601
1,1172,196498
1,1173,196835
1,1174,195675
1,1175,195335
1,1176,195699
1,1177,195722
1,1178,195105
1,1179,194625
1,1180,194102
1,1181,193558
1,1182,194026
1,1183,194380
1,1184,192851
1,1185,192950
1,1186,193075
1,1187,193375
1,1188,192990
1,1189,191973
1,1190,191205
1,1191,191345
1,1192,191016
1,1193,191115
1,1194,190850
1,1195,189424
1,1196,188743
1,1197,188240
1,1198,187917
1,1199,187573
1,1200,186618
1,1201,186375
1,1202,186347
1,1203,185368
1,1204,185712
1,1205,185624
1,1206,184877
1,1207,185596
1,1208,186495
1,1209,186369
1,1210,184904
1,1211,185700
1,1212,185210
1,1213,184259
1,1214,183766
1,1215,183695
1,1216,184458
1,1217,184571
1,1218,185164
1,1219,185063
1,1220,185093
1,1221,184938
1,1222,185026
1,1223,185568
1,1224,184861
1,1225,185339
1,1226,184922
1,1227,184044
1,1228,184999
1,1229,185123
1,1230,184900
1,1231,183848
1,1232,185324
1,1233,185134
1,1234,183821
1,1235,184429
1,1236,186586
1,1237,193580
1,1238,183672
1,1239,184037
1,1240,190315
1,1241,183685
1,1242,182866
1,1243,182199
1,1244,182135
1,1245,181876
1,1246,180520
1,1247,181022
1,1248,179671
1,1249,179188
1,1250,179475
1,1251,178916
1,1252,178010
1,1253,178367
1,1254,177310
1,1255,176900
1,1256,176005
1,1257,176322
1,1258,175156
1,1259,174505
1,1260,173961
1,1261,173420
1,1262,173930
1,1263,172736
1,1264,172519
1,1265,172304
1,1266,172540
1,1267,171089
1,1268,171440
1,1269,170964
1,1270,169921
1,1271,169473
1,1272,169605
1,1273,169431
1,1274,169617
1,1275,169301
1,1276,169069
1,1277,169772
1,1278,168943
1,1279,169364
1,1280,169958
1,1281,168915
1,1282,169067
1,1283,169529
1,1284,169322
1,1285,168793
1,1286,168523
1,1287,168795
1,1288,168791
1,1289,168842
1,1290,168763
1,1291,167917
1,1292,167362
1,1293,168967
1,1294,167519
1,1295,167686
1,1296,168631
1,1297,168252
1,1298,168707
1,1299,169174
1,1300,169174
1,1301,168493
1,1302,167972
1,1303,168421
1,1304,169247
1,1305,169681
1,1306,168780
1,1307,168057
1,1308,169019
1,1309,168780
1,1310,169051
1,1311,169698
1,1312,169410
1,1313,169568
1,1314,168158
1,1315,169009
1,1316,168303
1,1317,168283
1,1318,168767
1,1319,169817
1,1320,169720
1,1321,168656
1,1322,168730
1,1323,168581
1,1324,167911
1,1325,167440
1,1326,166991
1,1327,166323
1,1328,166741
1,1329,166673
1,1330,166588
1,1331,165944
1,1332,166200
1,1333,165364
1,1334,165568
1,1335,165474
1,1336,164058
1,1337,164312
1,1338,163691
1,1339,163436
1,1340,172925
