1,1,75869
1,2,76146
1,3,76098
1,4,76160
1,5,76374
1,6,76360
1,7,76429
1,8,76534
1,9,76534
1,10,76638
1,11,76801
1,12,76703
1,13,76800
1,14,76969
1,15,77038
1,16,77290
1,17,77139
1,18,77231
1,19,77443
1,20,77595
1,21,77794
1,22,77835
1,23,78313
1,24,78558
1,25,78675
1,26,78953
1,27,79025
1,28,79258
1,29,79432
1,30,79437
1,31,79770
1,32,80024
1,33,79973
1,34,80161
1,35,80318
1,36,80458
1,37,80738
1,38,80648
1,39,80780
1,40,81107
1,41,81438
1,42,81431
1,43,81671
1,44,82002
1,45,82202
1,46,82424
1,47,82533
1,48,82800
1,49,83170
1,50,83405
1,51,83263
1,52,83449
1,53,83594
1,54,83848
1,55,84053
1,56,84359
1,57,84334
1,58,84600
1,59,84972
1,60,85206
1,61,85258
1,62,85401
1,63,85674
1,64,85613
1,65,86009
1,66,86181
1,67,86178
1,68,86530
1,69,87474
1,70,87816
1,71,88435
1,72,89091
1,73,89843
1,74,91217
1,75,92610
1,76,94124
1,77,95614
1,78,96972
1,79,99299
1,80,99323
1,81,98713
1,82,97460
1,83,96574
1,84,95723
1,85,95363
1,86,95751
1,87,96452
1,88,96977
1,89,98199
1,90,99180
1,91,101239
1,92,103680
1,93,106772
1,94,111183
1,95,118185
1,96,128255
1,97,142101
1,98,160162
1,99,180528
1,100,203150
1,101,225766
1,102,246591
1,103,267174
1,104,289537
1,105,314918
1,106,340032
1,107,365990
1,108,382508
1,109,390090
1,110,392258
1,111,396267
1,112,398873
1,113,398644
1,114,396853
1,115,397165
1,116,396847
1,117,395745
1,118,394777
1,119,392446
1,120,386972
1,121,385492
1,122,384462
1,123,378578
1,124,372495
1,125,366966
1,126,361753
1,127,356619
1,128,349216
1,129,339782
1,130,327400
1,131,317324
1,132,309489
1,133,303840
1,134,298885
1,135,294015
1,136,288565
1,137,286530
1,138,284477
1,139,280658
1,140,279134
1,141,280360
1,142,280387
1,143,283118
1,144,286429
1,145,289141
1,146,293338
1,147,296825
1,148,302776
1,149,308363
1,150,315797
1,151,326481
1,152,340248
1,153,355378
1,154,369008
1,155,382123
1,156,396851
1,157,415443
1,158,432667
1,159,448549
1,160,467097
1,161,487446
1,162,512026
1,163,537023
1,164,562114
1,165,587774
1,166,612452
1,167,640151
1,168,676191
1,169,719982
1,170,765577
1,171,823979
1,172,895386
1,173,972358
1,174,1.06492e+006
1,175,1.19412e+006
1,176,1.35698e+006
1,177,1.52448e+006
1,178,1.73667e+006
1,179,2.08057e+006
1,180,2.60806e+006
1,181,3.22268e+006
1,182,3.52043e+006
1,183,3.79676e+006
1,184,4.19622e+006
1,185,4.63324e+006
1,186,4.90192e+006
1,187,5.19018e+006
1,188,5.8035e+006
1,189,6.45625e+006
1,190,6.5535e+006
1,191,6.5535e+006
1,192,6.5535e+006
1,193,6.5535e+006
1,194,6.5535e+006
1,195,6.5535e+006
1,196,6.5535e+006
1,197,6.5535e+006
1,198,6.5535e+006
1,199,6.5535e+006
1,200,6.5535e+006
1,201,6.5535e+006
1,202,6.5535e+006
1,203,6.5535e+006
1,204,6.5535e+006
1,205,6.5535e+006
1,206,6.5535e+006
1,207,6.29621e+006
1,208,5.61553e+006
1,209,5.11125e+006
1,210,4.72011e+006
1,211,4.38641e+006
1,212,4.14258e+006
1,213,3.87784e+006
1,214,3.52812e+006
1,215,3.15592e+006
1,216,2.74914e+006
1,217,2.39863e+006
1,218,2.20425e+006
1,219,2.08512e+006
1,220,2.03093e+006
1,221,2.06738e+006
1,222,2.16235e+006
1,223,2.25909e+006
1,224,2.28306e+006
1,225,2.30806e+006
1,226,2.28198e+006
1,227,2.1573e+006
1,228,1.93351e+006
1,229,1.77814e+006
1,230,1.61808e+006
1,231,1.47065e+006
1,232,1.33614e+006
1,233,1.28677e+006
1,234,1.28272e+006
1,235,1.29321e+006
1,236,1.2933e+006
1,237,1.28489e+006
1,238,1.28599e+006
1,239,1.29193e+006
1,240,1.29009e+006
1,241,1.26892e+006
1,242,1.2384e+006
1,243,1.20604e+006
1,244,1.17473e+006
1,245,1.14867e+006
1,246,1.13737e+006
1,247,1.1471e+006
1,248,1.17828e+006
1,249,1.22253e+006
1,250,1.26601e+006
1,251,1.31556e+006
1,252,1.35355e+006
1,253,1.36566e+006
1,254,1.33624e+006
1,255,1.27996e+006
1,256,1.21577e+006
1,257,1.16088e+006
1,258,1.10823e+006
1,259,1.05662e+006
1,260,1.01875e+006
1,261,1.00487e+006
1,262,993172
1,263,972760
1,264,938931
1,265,897691
1,266,861395
1,267,830718
1,268,818296
1,269,823209
1,270,831306
1,271,849716
1,272,859067
1,273,856797
1,274,846323
1,275,833615
1,276,820307
1,277,799129
1,278,770069
1,279,732672
1,280,696741
1,281,666108
1,282,649950
1,283,647096
1,284,654370
1,285,674648
1,286,706992
1,287,739800
1,288,767316
1,289,795906
1,290,823137
1,291,852766
1,292,892587
1,293,946922
1,294,1.00823e+006
1,295,1.04866e+006
1,296,1.08061e+006
1,297,1.1191e+006
1,298,1.14814e+006
1,299,1.15028e+006
1,300,1.15088e+006
1,301,1.13037e+006
1,302,1.05807e+006
1,303,970515
1,304,909948
1,305,857738
1,306,793884
1,307,752858
1,308,727086
1,309,700700
1,310,680800
1,311,673613
1,312,682715
1,313,699596
1,314,722578
1,315,741551
1,316,747353
1,317,747682
1,318,748222
1,319,750129
1,320,741120
1,321,734103
1,322,733205
1,323,751623
1,324,774167
1,325,789357
1,326,799884
1,327,817577
1,328,845344
1,329,881802
1,330,919576
1,331,957996
1,332,1.01526e+006
1,333,1.08067e+006
1,334,1.12548e+006
1,335,1.13847e+006
1,336,1.12961e+006
1,337,1.10906e+006
1,338,1.09477e+006
1,339,1.06852e+006
1,340,1.04138e+006
1,341,994726
1,342,939558
1,343,874293
1,344,818979
1,345,778471
1,346,742906
1,347,706549
1,348,667027
1,349,626783
1,350,592474
1,351,563141
1,352,534348
1,353,508751
1,354,486663
1,355,470330
1,356,455848
1,357,439052
1,358,421395
1,359,406087
1,360,391650
1,361,377008
1,362,365691
1,363,360665
1,364,356647
1,365,353235
1,366,349679
1,367,345707
1,368,345293
1,369,342977
1,370,342148
1,371,340451
1,372,339698
1,373,339506
1,374,339789
1,375,339927
1,376,339726
1,377,340665
1,378,339735
1,379,338226
1,380,336705
1,381,333524
1,382,329926
1,383,326870
1,384,325337
1,385,328551
1,386,335290
1,387,343532
1,388,352481
1,389,367599
1,390,386548
1,391,403281
1,392,401951
1,393,397429
1,394,388778
1,395,373667
1,396,348096
1,397,335725
1,398,327297
1,399,322513
1,400,319513
1,401,315413
1,402,311729
1,403,313663
1,404,313889
1,405,309280
1,406,304307
1,407,301286
1,408,299204
1,409,297439
1,410,298073
1,411,299911
1,412,300826
1,413,299094
1,414,294440
1,415,291322
1,416,287981
1,417,285890
1,418,284385
1,419,286019
1,420,288615
1,421,290033
1,422,288913
1,423,285682
1,424,285546
1,425,286282
1,426,286692
1,427,292969
1,428,300524
1,429,304287
1,430,305588
1,431,304949
1,432,301279
1,433,300786
1,434,302899
1,435,305359
1,436,309848
1,437,311403
1,438,314266
1,439,315053
1,440,315030
1,441,316520
1,442,317448
1,443,319005
1,444,323163
1,445,323993
1,446,326723
1,447,328133
1,448,328357
1,449,327972
1,450,327418
1,451,328493
1,452,330908
1,453,335716
1,454,338581
1,455,334120
1,456,324905
1,457,315912
1,458,309686
1,459,310959
1,460,317479
1,461,326400
1,462,329056
1,463,322759
1,464,313985
1,465,306776
1,466,307963
1,467,314045
1,468,322850
1,469,328698
1,470,327954
1,471,324791
1,472,322065
1,473,321463
1,474,321744
1,475,322607
1,476,322220
1,477,320774
1,478,314252
1,479,305836
1,480,298330
1,481,294405
1,482,290126
1,483,285382
1,484,283932
1,485,279659
1,486,274546
1,487,266389
1,488,258117
1,489,259568
1,490,266582
1,491,269065
1,492,260871
1,493,243737
1,494,224559
1,495,211818
1,496,202498
1,497,196387
1,498,191565
1,499,185420
1,500,182011
1,501,180374
1,502,181686
1,503,184881
1,504,188952
1,505,188622
1,506,185307
1,507,181242
1,508,179636
1,509,179120
1,510,180887
1,511,182361
1,512,181047
1,513,177343
1,514,175641
1,515,178572
1,516,185468
1,517,193844
1,518,200309
1,519,202257
1,520,204492
1,521,211609
1,522,221751
1,523,225739
1,524,200824
1,525,163646
1,526,154959
1,527,138782
1,528,131447
1,529,130409
1,530,132034
1,531,132897
1,532,134080
1,533,135847
1,534,148030
1,535,158657
1,536,151499
1,537,150771
1,538,157419
1,539,147962
1,540,152677
1,541,173595
1,542,174749
1,543,170033
1,544,152246
1,545,147902
1,546,142104
1,547,136255
1,548,135259
1,549,131425
1,550,133247
1,551,135370
1,552,133471
1,553,129325
1,554,124546
1,555,123035
1,556,121027
1,557,120655
1,558,120525
1,559,120130
1,560,119816
1,561,120557
1,562,120864
1,563,121069
1,564,120999
1,565,120866
1,566,120879
1,567,121334
1,568,121715
1,569,122710
1,570,123477
1,571,125157
1,572,126258
1,573,127576
1,574,129212
1,575,129195
1,576,130006
1,577,131140
1,578,131980
1,579,131944
1,580,132254
1,581,132665
1,582,132948
1,583,132791
1,584,132836
1,585,131512
1,586,130253
1,587,128103
1,588,126692
1,589,124584
1,590,122608
1,591,120854
1,592,118961
1,593,117531
1,594,116239
1,595,115537
1,596,114681
1,597,114407
1,598,114298
1,599,114237
1,600,113578
1,601,113601
1,602,113560
1,603,113027
1,604,113004
1,605,112670
1,606,112320
1,607,112105
1,608,111970
1,609,111701
1,610,111705
1,611,111238
1,612,110973
1,613,110882
1,614,111029
1,615,110485
1,616,109997
1,617,110022
1,618,109970
1,619,109193
1,620,109123
1,621,109185
1,622,108963
1,623,108810
1,624,108471
1,625,108184
1,626,108056
1,627,108070
1,628,107697
1,629,107407
1,630,107169
1,631,106775
1,632,107278
1,633,106829
1,634,106963
1,635,106987
1,636,106762
1,637,106385
1,638,106103
1,639,106299
1,640,105708
1,641,105715
1,642,105410
1,643,105604
1,644,105739
1,645,105391
1,646,104789
1,647,104956
1,648,104977
1,649,104847
1,650,104824
1,651,104918
1,652,104952
1,653,105140
1,654,105177
1,655,104773
1,656,104801
1,657,104132
1,658,103782
1,659,102969
1,660,102000
1,661,101923
1,662,101706
1,663,101489
1,664,101119
1,665,100712
1,666,100343
1,667,99950
1,668,99761
1,669,99188
1,670,99122
1,671,98860
1,672,98600
1,673,98759
1,674,98766
1,675,98734
1,676,98848
1,677,99058
1,678,98676
1,679,98918
1,680,98735
1,681,98860
1,682,98465
1,683,98536
1,684,98196
1,685,98196
1,686,98362
1,687,98600
1,688,98478
1,689,98453
1,690,97984
1,691,97948
1,692,97835
1,693,97715
1,694,97253
1,695,96685
1,696,96671
1,697,96115
1,698,95736
1,699,95140
1,700,95139
1,701,95059
1,702,95021
1,703,94977
1,704,94692
1,705,94748
1,706,94513
1,707,94435
1,708,94315
1,709,94372
1,710,94373
1,711,94276
1,712,94212
1,713,94330
1,714,94491
1,715,94484
1,716,94775
1,717,94483
1,718,94118
1,719,93906
1,720,93887
1,721,93771
1,722,93672
1,723,94011
1,724,93925
1,725,93973
1,726,93853
1,727,93801
1,728,93711
1,729,93661
1,730,93724
1,731,93703
1,732,93859
1,733,93634
1,734,93715
1,735,93720
1,736,93559
1,737,93469
1,738,93280
1,739,93280
1,740,93151
1,741,93202
1,742,93345
1,743,93455
1,744,93344
1,745,93501
1,746,93233
1,747,93265
1,748,93008
1,749,93273
1,750,93408
1,751,93377
1,752,93303
1,753,93470
1,754,93477
1,755,93339
1,756,93383
1,757,93563
1,758,93520
1,759,93491
1,760,93403
1,761,93252
1,762,93299
1,763,93147
1,764,92893
1,765,93038
1,766,92726
1,767,92827
1,768,92788
1,769,92513
1,770,92478
1,771,92671
1,772,92523
1,773,92321
1,774,92399
1,775,92371
1,776,92353
1,777,92326
1,778,92379
1,779,92384
1,780,92665
1,781,92600
1,782,92603
1,783,92738
1,784,92628
1,785,92806
1,786,92790
1,787,92878
1,788,92590
1,789,92653
1,790,92477
1,791,92495
1,792,92335
1,793,92551
1,794,92089
1,795,92104
1,796,91915
1,797,92081
1,798,91794
1,799,91672
1,800,91866
1,801,91697
1,802,91512
1,803,91655
1,804,91724
1,805,91418
1,806,91629
1,807,91753
1,808,91613
1,809,91470
1,810,91292
1,811,91541
1,812,91634
1,813,91374
1,814,91116
1,815,91151
1,816,91195
1,817,91288
1,818,91059
1,819,91048
1,820,90869
1,821,90970
1,822,91135
1,823,91043
1,824,90912
1,825,90895
1,826,90900
1,827,90561
1,828,90544
1,829,90464
1,830,90404
1,831,90629
1,832,90800
1,833,90434
1,834,90510
1,835,90375
1,836,90433
1,837,90450
1,838,90409
1,839,90381
1,840,90192
1,841,90231
1,842,90112
1,843,89893
1,844,89867
1,845,89744
1,846,89602
1,847,89746
1,848,89674
1,849,89641
1,850,89503
1,851,89514
1,852,89700
1,853,89531
1,854,89298
1,855,89223
1,856,89114
1,857,89283
1,858,89126
1,859,89032
1,860,89111
1,861,88835
1,862,88853
1,863,88808
1,864,88918
1,865,88989
1,866,88975
1,867,88861
1,868,88820
1,869,88929
1,870,88743
1,871,88564
1,872,88557
1,873,88679
1,874,88303
1,875,88363
1,876,88229
1,877,88305
1,878,88362
1,879,88240
1,880,88478
1,881,88380
1,882,88546
1,883,88381
1,884,88873
1,885,88671
1,886,88691
1,887,88743
1,888,88846
1,889,88943
1,890,88880
1,891,88852
1,892,88989
1,893,89120
1,894,88841
1,895,88643
1,896,88673
1,897,88603
1,898,88553
1,899,88722
1,900,88605
1,901,88167
1,902,88262
1,903,88258
1,904,88168
1,905,88170
1,906,88244
1,907,88027
1,908,87969
1,909,87715
1,910,88074
1,911,87989
1,912,87733
1,913,87743
1,914,87863
1,915,87548
1,916,87690
1,917,87615
1,918,87630
1,919,87602
1,920,87618
1,921,87583
1,922,87342
1,923,87555
1,924,87231
1,925,87093
1,926,87218
1,927,87161
1,928,86965
1,929,87073
1,930,87056
1,931,86901
1,932,87008
1,933,86798
1,934,86702
1,935,86874
1,936,86901
1,937,86809
1,938,86956
1,939,86847
1,940,86770
1,941,86776
1,942,86829
1,943,86800
1,944,86621
1,945,86575
1,946,86685
1,947,86550
1,948,86551
1,949,86745
1,950,86768
1,951,86663
1,952,86641
1,953,86620
1,954,86745
1,955,86594
1,956,86532
1,957,86470
1,958,86716
1,959,86473
1,960,86290
1,961,86435
1,962,86368
1,963,86209
1,964,86179
1,965,86065
1,966,86075
1,967,85865
1,968,85975
1,969,86053
1,970,86171
1,971,86017
1,972,85925
1,973,85976
1,974,85817
1,975,85924
1,976,85581
1,977,85738
1,978,85708
1,979,85565
1,980,85749
1,981,85811
1,982,85721
1,983,85609
1,984,85666
1,985,85576
1,986,85460
1,987,85286
1,988,85338
1,989,85719
1,990,85559
1,991,85501
1,992,85500
1,993,85514
1,994,85496
1,995,85655
1,996,85649
1,997,85575
1,998,85655
1,999,85733
1,1000,85624
1,1001,85684
1,1002,85656
1,1003,85628
1,1004,86098
1,1005,85980
1,1006,85995
1,1007,86117
1,1008,86213
1,1009,86256
1,1010,86301
1,1011,86335
1,1012,86467
1,1013,86288
1,1014,86400
1,1015,86126
1,1016,86282
1,1017,85938
1,1018,85947
1,1019,85705
1,1020,85738
1,1021,85775
1,1022,85780
1,1023,85535
1,1024,85737
1,1025,85563
1,1026,85809
1,1027,85746
1,1028,85717
1,1029,85758
1,1030,85675
1,1031,85794
1,1032,85811
1,1033,85752
1,1034,85422
1,1035,85423
1,1036,85347
1,1037,85134
1,1038,85024
1,1039,85232
1,1040,85202
1,1041,85029
1,1042,84876
1,1043,84942
1,1044,84867
1,1045,84608
1,1046,84900
1,1047,84814
1,1048,84642
1,1049,84489
1,1050,84503
1,1051,84617
1,1052,84625
1,1053,84541
1,1054,84549
1,1055,84514
1,1056,84486
1,1057,84432
1,1058,84546
1,1059,84381
1,1060,84508
1,1061,84428
1,1062,84453
1,1063,84578
1,1064,84296
1,1065,84345
1,1066,84174
1,1067,84230
1,1068,84105
1,1069,84284
1,1070,84096
1,1071,84161
1,1072,84190
1,1073,84240
1,1074,84136
1,1075,84029
1,1076,83953
1,1077,84060
1,1078,84081
1,1079,83782
1,1080,83818
1,1081,83939
1,1082,83920
1,1083,83732
1,1084,83806
1,1085,83762
1,1086,83706
1,1087,83796
1,1088,83577
1,1089,83416
1,1090,83489
1,1091,83549
1,1092,83413
1,1093,83318
1,1094,83223
1,1095,83090
1,1096,83005
1,1097,82962
1,1098,82916
1,1099,82762
1,1100,82876
1,1101,82916
1,1102,82700
1,1103,82614
1,1104,82627
1,1105,82518
1,1106,82619
1,1107,82491
1,1108,82231
1,1109,82313
1,1110,82443
1,1111,82353
1,1112,82141
1,1113,82032
1,1114,82180
1,1115,82246
1,1116,82246
1,1117,82103
1,1118,82059
1,1119,81980
1,1120,82222
1,1121,81969
1,1122,81954
1,1123,81796
1,1124,82034
1,1125,81991
1,1126,81861
1,1127,81832
1,1128,81586
1,1129,81750
1,1130,81663
1,1131,81737
1,1132,81725
1,1133,81545
1,1134,81608
1,1135,81764
1,1136,81547
1,1137,81735
1,1138,81364
1,1139,81552
1,1140,81503
1,1141,81296
1,1142,81487
1,1143,81380
1,1144,81209
1,1145,81029
1,1146,81072
1,1147,80908
1,1148,80848
1,1149,80915
1,1150,80789
1,1151,80634
1,1152,80545
1,1153,80534
1,1154,80414
1,1155,80330
1,1156,80297
1,1157,80205
1,1158,80336
1,1159,80282
1,1160,80300
1,1161,80249
1,1162,80198
1,1163,80278
1,1164,80162
1,1165,80157
1,1166,79936
1,1167,80107
1,1168,80089
1,1169,80054
1,1170,80105
1,1171,80146
1,1172,79872
1,1173,80047
1,1174,80190
1,1175,80058
1,1176,80127
1,1177,80178
1,1178,79946
1,1179,80028
1,1180,80028
1,1181,79887
1,1182,80063
1,1183,79942
1,1184,80044
1,1185,79923
1,1186,79992
1,1187,79990
1,1188,79942
1,1189,79994
1,1190,79758
1,1191,79918
1,1192,79657
1,1193,79603
1,1194,79722
1,1195,79477
1,1196,79687
1,1197,79547
1,1198,79359
1,1199,79510
1,1200,79300
1,1201,79308
1,1202,79311
1,1203,79273
1,1204,79181
1,1205,79219
1,1206,79104
1,1207,79208
1,1208,79195
1,1209,79223
1,1210,79217
1,1211,79207
1,1212,79147
1,1213,79077
1,1214,79143
1,1215,78919
1,1216,78994
1,1217,79048
1,1218,79304
1,1219,79295
1,1220,79184
1,1221,79404
1,1222,79240
1,1223,79238
1,1224,79151
1,1225,79292
1,1226,79248
1,1227,79172
1,1228,79340
1,1229,79576
1,1230,79215
1,1231,79194
1,1232,79223
1,1233,79426
1,1234,79379
1,1235,79489
1,1236,79547
1,1237,79201
1,1238,79317
1,1239,79352
1,1240,79215
1,1241,79248
1,1242,79312
1,1243,79149
1,1244,79279
1,1245,79291
1,1246,79000
1,1247,78922
1,1248,78922
1,1249,78886
1,1250,78953
1,1251,78926
1,1252,78865
1,1253,78635
1,1254,78630
1,1255,78698
1,1256,78657
1,1257,78661
1,1258,78623
1,1259,78560
1,1260,78401
1,1261,78381
1,1262,78351
1,1263,78379
1,1264,78388
1,1265,78363
1,1266,78330
1,1267,78185
1,1268,78332
1,1269,78215
1,1270,78096
1,1271,77920
1,1272,77987
1,1273,78001
1,1274,78060
1,1275,78044
1,1276,77872
1,1277,78137
1,1278,78019
1,1279,78036
1,1280,78071
1,1281,78007
1,1282,78095
1,1283,78114
1,1284,78184
1,1285,78113
1,1286,78101
1,1287,78058
1,1288,78084
1,1289,78096
1,1290,78205
1,1291,78031
1,1292,77932
1,1293,77952
1,1294,78000
1,1295,78003
1,1296,78174
1,1297,78209
1,1298,78063
1,1299,78225
1,1300,78166
1,1301,78172
1,1302,78331
1,1303,78022
1,1304,78220
1,1305,78262
1,1306,78349
1,1307,78390
1,1308,78307
1,1309,78250
1,1310,78337
1,1311,78251
1,1312,78336
1,1313,78244
1,1314,78395
1,1315,78136
1,1316,78299
1,1317,78321
1,1318,78192
1,1319,78242
1,1320,78335
1,1321,78281
1,1322,78189
1,1323,78132
1,1324,78174
1,1325,78092
1,1326,78040
1,1327,78043
1,1328,77979
1,1329,78093
1,1330,78004
1,1331,78016
1,1332,77986
1,1333,77697
1,1334,77752
1,1335,77696
1,1336,77673
1,1337,77531
1,1338,77516
1,1339,77023
1,1340,88071
