1,1,360578
1,2,360552
1,3,360979
1,4,361122
1,5,361368
1,6,361554
1,7,361567
1,8,361798
1,9,361891
1,10,362128
1,11,362051
1,12,362429
1,13,364364
1,14,363053
1,15,362768
1,16,362927
1,17,363103
1,18,363373
1,19,363873
1,20,364332
1,21,364800
1,22,365218
1,23,366076
1,24,366205
1,25,366526
1,26,366880
1,27,366998
1,28,367133
1,29,367370
1,30,367607
1,31,368112
1,32,368357
1,33,368519
1,34,369215
1,35,368933
1,36,369654
1,37,369776
1,38,369953
1,39,370370
1,40,370960
1,41,371204
1,42,371774
1,43,372145
1,44,372645
1,45,373159
1,46,373521
1,47,374195
1,48,374748
1,49,375209
1,50,375817
1,51,375773
1,52,376013
1,53,376630
1,54,377025
1,55,377283
1,56,378094
1,57,378687
1,58,379304
1,59,379640
1,60,379852
1,61,381047
1,62,381606
1,63,382589
1,64,382733
1,65,383344
1,66,383474
1,67,384756
1,68,385635
1,69,386824
1,70,387650
1,71,388927
1,72,390895
1,73,392895
1,74,394157
1,75,395655
1,76,398014
1,77,400119
1,78,401833
1,79,403636
1,80,404553
1,81,404012
1,82,403272
1,83,403432
1,84,403274
1,85,403198
1,86,404210
1,87,404842
1,88,406311
1,89,408196
1,90,410201
1,91,412476
1,92,415391
1,93,420024
1,94,425986
1,95,435034
1,96,446429
1,97,463037
1,98,483760
1,99,510637
1,100,541581
1,101,572282
1,102,602147
1,103,629368
1,104,656170
1,105,684577
1,106,711540
1,107,739794
1,108,760505
1,109,774177
1,110,782404
1,111,789691
1,112,793889
1,113,796894
1,114,800990
1,115,808167
1,116,813443
1,117,813934
1,118,815292
1,119,815200
1,120,811718
1,121,810890
1,122,814667
1,123,816500
1,124,813160
1,125,809063
1,126,807912
1,127,802169
1,128,794755
1,129,782535
1,130,772460
1,131,766352
1,132,762876
1,133,761645
1,134,761371
1,135,758529
1,136,755097
1,137,755013
1,138,755330
1,139,755412
1,140,755319
1,141,760675
1,142,767659
1,143,777370
1,144,788826
1,145,799701
1,146,809163
1,147,818171
1,148,830395
1,149,846731
1,150,865308
1,151,886897
1,152,914902
1,153,944119
1,154,975353
1,155,1.00371e+006
1,156,1.03438e+006
1,157,1.07385e+006
1,158,1.1137e+006
1,159,1.15511e+006
1,160,1.19762e+006
1,161,1.24333e+006
1,162,1.29254e+006
1,163,1.34775e+006
1,164,1.40671e+006
1,165,1.46807e+006
1,166,1.53007e+006
1,167,1.59364e+006
1,168,1.66896e+006
1,169,1.75257e+006
1,170,1.84893e+006
1,171,1.96941e+006
1,172,2.11528e+006
1,173,2.26844e+006
1,174,2.45847e+006
1,175,2.72854e+006
1,176,3.06016e+006
1,177,3.39402e+006
1,178,3.80601e+006
1,179,4.45764e+006
1,180,5.41646e+006
1,181,6.65777e+006
1,182,8.27681e+006
1,183,1.08722e+007
1,184,1.57819e+007
1,185,2.41638e+007
1,186,2.83514e+007
1,187,3.03848e+007
1,188,3.21247e+007
1,189,3.27675e+007
1,190,3.27675e+007
1,191,3.27675e+007
1,192,3.27675e+007
1,193,3.27675e+007
1,194,3.27675e+007
1,195,3.27675e+007
1,196,3.27675e+007
1,197,3.27675e+007
1,198,3.27675e+007
1,199,3.27675e+007
1,200,3.27675e+007
1,201,3.27675e+007
1,202,3.27675e+007
1,203,3.27675e+007
1,204,3.27675e+007
1,205,3.27675e+007
1,206,3.27675e+007
1,207,3.24684e+007
1,208,3.23633e+007
1,209,2.80798e+007
1,210,2.18584e+007
1,211,1.76123e+007
1,212,1.40947e+007
1,213,1.111e+007
1,214,9.05907e+006
1,215,7.68838e+006
1,216,6.70792e+006
1,217,6.13464e+006
1,218,5.96226e+006
1,219,6.01124e+006
1,220,6.24555e+006
1,221,6.59274e+006
1,222,6.86831e+006
1,223,6.88251e+006
1,224,6.58326e+006
1,225,6.28515e+006
1,226,5.95189e+006
1,227,5.50228e+006
1,228,4.98449e+006
1,229,4.63681e+006
1,230,4.27595e+006
1,231,3.94962e+006
1,232,3.80847e+006
1,233,3.94582e+006
1,234,4.2165e+006
1,235,4.49401e+006
1,236,4.69004e+006
1,237,4.74428e+006
1,238,4.65248e+006
1,239,4.45326e+006
1,240,4.21091e+006
1,241,3.9458e+006
1,242,3.71498e+006
1,243,3.55393e+006
1,244,3.43264e+006
1,245,3.34623e+006
1,246,3.28398e+006
1,247,3.293e+006
1,248,3.34346e+006
1,249,3.44013e+006
1,250,3.54592e+006
1,251,3.65838e+006
1,252,3.74659e+006
1,253,3.7519e+006
1,254,3.68e+006
1,255,3.52169e+006
1,256,3.3414e+006
1,257,3.15918e+006
1,258,2.99171e+006
1,259,2.8513e+006
1,260,2.75825e+006
1,261,2.72097e+006
1,262,2.69093e+006
1,263,2.64867e+006
1,264,2.58878e+006
1,265,2.50117e+006
1,266,2.40769e+006
1,267,2.32615e+006
1,268,2.29936e+006
1,269,2.32671e+006
1,270,2.36105e+006
1,271,2.39157e+006
1,272,2.40398e+006
1,273,2.38971e+006
1,274,2.36294e+006
1,275,2.30897e+006
1,276,2.24738e+006
1,277,2.16114e+006
1,278,2.07821e+006
1,279,1.98326e+006
1,280,1.89164e+006
1,281,1.80619e+006
1,282,1.7455e+006
1,283,1.72363e+006
1,284,1.723e+006
1,285,1.74036e+006
1,286,1.77379e+006
1,287,1.81498e+006
1,288,1.8528e+006
1,289,1.88928e+006
1,290,1.91979e+006
1,291,1.9525e+006
1,292,1.99777e+006
1,293,2.07216e+006
1,294,2.15898e+006
1,295,2.20766e+006
1,296,2.24874e+006
1,297,2.30827e+006
1,298,2.36097e+006
1,299,2.38588e+006
1,300,2.39392e+006
1,301,2.36591e+006
1,302,2.2824e+006
1,303,2.16476e+006
1,304,2.06425e+006
1,305,1.98706e+006
1,306,1.89721e+006
1,307,1.82385e+006
1,308,1.77134e+006
1,309,1.72629e+006
1,310,1.69024e+006
1,311,1.66539e+006
1,312,1.67689e+006
1,313,1.71604e+006
1,314,1.76027e+006
1,315,1.79753e+006
1,316,1.82148e+006
1,317,1.84792e+006
1,318,1.86226e+006
1,319,1.87289e+006
1,320,1.86707e+006
1,321,1.87342e+006
1,322,1.89067e+006
1,323,1.92669e+006
1,324,1.95362e+006
1,325,1.97106e+006
1,326,1.99379e+006
1,327,2.03993e+006
1,328,2.09737e+006
1,329,2.15506e+006
1,330,2.25252e+006
1,331,2.37391e+006
1,332,2.49682e+006
1,333,2.5784e+006
1,334,2.63874e+006
1,335,2.64124e+006
1,336,2.62528e+006
1,337,2.58896e+006
1,338,2.55208e+006
1,339,2.48824e+006
1,340,2.42389e+006
1,341,2.33166e+006
1,342,2.20461e+006
1,343,2.06838e+006
1,344,1.97975e+006
1,345,1.90657e+006
1,346,1.82721e+006
1,347,1.735e+006
1,348,1.64517e+006
1,349,1.56859e+006
1,350,1.49696e+006
1,351,1.42853e+006
1,352,1.36099e+006
1,353,1.30651e+006
1,354,1.2643e+006
1,355,1.23336e+006
1,356,1.20595e+006
1,357,1.18131e+006
1,358,1.15692e+006
1,359,1.13248e+006
1,360,1.10774e+006
1,361,1.08536e+006
1,362,1.06864e+006
1,363,1.05952e+006
1,364,1.0536e+006
1,365,1.04407e+006
1,366,1.03413e+006
1,367,1.02708e+006
1,368,1.01806e+006
1,369,1.00818e+006
1,370,1.00052e+006
1,371,995643
1,372,993533
1,373,996145
1,374,1.00301e+006
1,375,1.01248e+006
1,376,1.02149e+006
1,377,1.02708e+006
1,378,1.0316e+006
1,379,1.03565e+006
1,380,1.03939e+006
1,381,1.04099e+006
1,382,1.03819e+006
1,383,1.03454e+006
1,384,1.02928e+006
1,385,1.02906e+006
1,386,1.02992e+006
1,387,1.03356e+006
1,388,1.03974e+006
1,389,1.05285e+006
1,390,1.06519e+006
1,391,1.06669e+006
1,392,1.05676e+006
1,393,1.04683e+006
1,394,1.03201e+006
1,395,1.00758e+006
1,396,978668
1,397,964680
1,398,951228
1,399,936506
1,400,920947
1,401,913325
1,402,910169
1,403,909445
1,404,906573
1,405,902190
1,406,893666
1,407,884039
1,408,871951
1,409,859580
1,410,848701
1,411,844310
1,412,841099
1,413,835121
1,414,828759
1,415,820622
1,416,816986
1,417,812078
1,418,810589
1,419,815037
1,420,823321
1,421,828968
1,422,825244
1,423,820926
1,424,817067
1,425,814914
1,426,811996
1,427,818518
1,428,828491
1,429,836951
1,430,841764
1,431,841148
1,432,837350
1,433,835418
1,434,837912
1,435,845318
1,436,850271
1,437,854811
1,438,857830
1,439,853743
1,440,847539
1,441,842253
1,442,837823
1,443,835999
1,444,837851
1,445,842005
1,446,846643
1,447,851574
1,448,853646
1,449,853637
1,450,850680
1,451,847866
1,452,843874
1,453,844819
1,454,850090
1,455,848872
1,456,842276
1,457,833117
1,458,826741
1,459,827348
1,460,832293
1,461,845282
1,462,853390
1,463,851112
1,464,838506
1,465,824121
1,466,813979
1,467,817253
1,468,827139
1,469,836950
1,470,834627
1,471,822225
1,472,812733
1,473,808151
1,474,805487
1,475,802150
1,476,800176
1,477,793192
1,478,783975
1,479,775465
1,480,771012
1,481,770629
1,482,764486
1,483,752682
1,484,752053
1,485,749041
1,486,749396
1,487,737380
1,488,722948
1,489,726761
1,490,741026
1,491,749270
1,492,737675
1,493,699302
1,494,655938
1,495,621109
1,496,594629
1,497,579132
1,498,568382
1,499,557125
1,500,550151
1,501,544207
1,502,542835
1,503,548208
1,504,555908
1,505,559438
1,506,556302
1,507,550317
1,508,547407
1,509,548367
1,510,550776
1,511,551689
1,512,549026
1,513,542983
1,514,538788
1,515,537321
1,516,540992
1,517,547702
1,518,552321
1,519,554255
1,520,558488
1,521,573095
1,522,591468
1,523,608687
1,524,591586
1,525,559384
1,526,546971
1,527,516134
1,528,501062
1,529,502383
1,530,507506
1,531,513811
1,532,519161
1,533,524499
1,534,562310
1,535,586330
1,536,562630
1,537,578156
1,538,588915
1,539,568220
1,540,582822
1,541,631899
1,542,626133
1,543,604512
1,544,569184
1,545,557005
1,546,539930
1,547,525676
1,548,522336
1,549,515241
1,550,518357
1,551,519742
1,552,514102
1,553,502776
1,554,491531
1,555,489048
1,556,485051
1,557,483134
1,558,481607
1,559,479930
1,560,480420
1,561,482349
1,562,483704
1,563,485156
1,564,486500
1,565,488995
1,566,492093
1,567,495623
1,568,499644
1,569,505263
1,570,512468
1,571,519204
1,572,528901
1,573,537669
1,574,542849
1,575,545296
1,576,550124
1,577,553164
1,578,555856
1,579,557056
1,580,555638
1,581,556719
1,582,555148
1,583,551956
1,584,547254
1,585,539846
1,586,531870
1,587,521004
1,588,511047
1,589,500751
1,590,491870
1,591,483410
1,592,476389
1,593,470388
1,594,466860
1,595,464071
1,596,461733
1,597,459592
1,598,458684
1,599,457172
1,600,456229
1,601,455197
1,602,455506
1,603,453977
1,604,453194
1,605,452349
1,606,452039
1,607,451301
1,608,450504
1,609,449276
1,610,448952
1,611,447959
1,612,447854
1,613,447207
1,614,446625
1,615,446812
1,616,445735
1,617,444905
1,618,444218
1,619,443846
1,620,443420
1,621,443228
1,622,442595
1,623,441779
1,624,441530
1,625,440863
1,626,440291
1,627,440098
1,628,439641
1,629,439325
1,630,439231
1,631,438606
1,632,437987
1,633,437654
1,634,437479
1,635,437753
1,636,437226
1,637,437537
1,638,436762
1,639,436626
1,640,436610
1,641,435968
1,642,435125
1,643,435529
1,644,435111
1,645,433944
1,646,433741
1,647,433692
1,648,433086
1,649,432510
1,650,431736
1,651,431003
1,652,429671
1,653,429467
1,654,428889
1,655,427383
1,656,425826
1,657,424461
1,658,422570
1,659,421255
1,660,420430
1,661,418957
1,662,418382
1,663,418103
1,664,417840
1,665,417633
1,666,417577
1,667,417241
1,668,417532
1,669,417495
1,670,417583
1,671,417672
1,672,417852
1,673,417368
1,674,417749
1,675,417959
1,676,417899
1,677,418070
1,678,418168
1,679,418640
1,680,418773
1,681,418819
1,682,417811
1,683,418234
1,684,417884
1,685,417907
1,686,418256
1,687,417503
1,688,417957
1,689,417350
1,690,416827
1,691,415793
1,692,414905
1,693,414853
1,694,413605
1,695,412978
1,696,411776
1,697,410820
1,698,410600
1,699,409667
1,700,409458
1,701,409016
1,702,408785
1,703,409023
1,704,408642
1,705,407866
1,706,408136
1,707,407821
1,708,407792
1,709,407159
1,710,407550
1,711,407990
1,712,407454
1,713,408066
1,714,407525
1,715,407720
1,716,407740
1,717,407755
1,718,407410
1,719,407068
1,720,407024
1,721,407005
1,722,407244
1,723,406786
1,724,407354
1,725,407018
1,726,406695
1,727,406748
1,728,407145
1,729,406881
1,730,406930
1,731,406819
1,732,406722
1,733,406171
1,734,406130
1,735,405948
1,736,406078
1,737,405900
1,738,405780
1,739,405480
1,740,404928
1,741,405212
1,742,405330
1,743,405545
1,744,405496
1,745,405789
1,746,405687
1,747,405637
1,748,405273
1,749,405457
1,750,405298
1,751,404993
1,752,405149
1,753,404713
1,754,404921
1,755,404662
1,756,404856
1,757,404723
1,758,404410
1,759,404645
1,760,404852
1,761,404422
1,762,404319
1,763,404389
1,764,404190
1,765,404487
1,766,404387
1,767,404484
1,768,404350
1,769,404381
1,770,404235
1,771,404314
1,772,404265
1,773,404398
1,774,403815
1,775,404014
1,776,403526
1,777,403786
1,778,403567
1,779,403631
1,780,403660
1,781,403275
1,782,403171
1,783,403172
1,784,403245
1,785,402909
1,786,403350
1,787,403182
1,788,402774
1,789,403121
1,790,403069
1,791,402905
1,792,403254
1,793,402807
1,794,402785
1,795,402633
1,796,402691
1,797,402442
1,798,402101
1,799,402073
1,800,402170
1,801,402046
1,802,402100
1,803,402200
1,804,401855
1,805,401859
1,806,402230
1,807,402187
1,808,401774
1,809,401677
1,810,401744
1,811,401417
1,812,400624
1,813,400734
1,814,400736
1,815,400866
1,816,400347
1,817,399771
1,818,399998
1,819,399921
1,820,399574
1,821,399394
1,822,399454
1,823,399555
1,824,399286
1,825,399128
1,826,399310
1,827,399141
1,828,399034
1,829,398709
1,830,399207
1,831,398899
1,832,398601
1,833,398143
1,834,397929
1,835,398076
1,836,398109
1,837,397723
1,838,397271
1,839,397201
1,840,396764
1,841,396750
1,842,396631
1,843,396497
1,844,396346
1,845,396218
1,846,395812
1,847,396188
1,848,396049
1,849,395755
1,850,395707
1,851,395793
1,852,395311
1,853,395132
1,854,394940
1,855,394637
1,856,394895
1,857,394010
1,858,393998
1,859,394268
1,860,393980
1,861,393914
1,862,393407
1,863,393264
1,864,393380
1,865,393252
1,866,393282
1,867,393062
1,868,392980
1,869,392775
1,870,393250
1,871,393013
1,872,392644
1,873,392477
1,874,392213
1,875,392544
1,876,392264
1,877,392019
1,878,391930
1,879,391968
1,880,391803
1,881,392128
1,882,392115
1,883,392357
1,884,391925
1,885,392147
1,886,392230
1,887,392040
1,888,391648
1,889,391928
1,890,391654
1,891,391430
1,892,391628
1,893,391011
1,894,391094
1,895,390726
1,896,390886
1,897,390687
1,898,390524
1,899,390711
1,900,390345
1,901,390487
1,902,390048
1,903,390054
1,904,390117
1,905,390062
1,906,389770
1,907,389788
1,908,389561
1,909,389671
1,910,389171
1,911,388943
1,912,389418
1,913,388706
1,914,388780
1,915,388728
1,916,388839
1,917,388748
1,918,388793
1,919,388911
1,920,388380
1,921,388409
1,922,388640
1,923,387846
1,924,387821
1,925,387798
1,926,388007
1,927,387631
1,928,387949
1,929,387727
1,930,388028
1,931,387422
1,932,387969
1,933,387490
1,934,387686
1,935,387743
1,936,387554
1,937,387503
1,938,387297
1,939,387136
1,940,387388
1,941,387079
1,942,386831
1,943,386609
1,944,386407
1,945,386350
1,946,386331
1,947,386082
1,948,386054
1,949,386102
1,950,385857
1,951,386083
1,952,386303
1,953,385639
1,954,385751
1,955,385212
1,956,385436
1,957,385272
1,958,385342
1,959,385124
1,960,385088
1,961,384626
1,962,384728
1,963,384693
1,964,384419
1,965,384383
1,966,384228
1,967,384183
1,968,383939
1,969,384083
1,970,384017
1,971,384010
1,972,384252
1,973,383779
1,974,383568
1,975,383659
1,976,383565
1,977,383681
1,978,383566
1,979,383620
1,980,383491
1,981,383286
1,982,383229
1,983,383403
1,984,382435
1,985,382965
1,986,382606
1,987,382464
1,988,382530
1,989,382490
1,990,382526
1,991,382453
1,992,382676
1,993,382069
1,994,382175
1,995,382621
1,996,382151
1,997,382031
1,998,382086
1,999,382333
1,1000,382191
1,1001,381867
1,1002,382031
1,1003,381818
1,1004,382214
1,1005,382061
1,1006,382071
1,1007,381833
1,1008,381870
1,1009,381742
1,1010,381954
1,1011,382045
1,1012,382209
1,1013,381874
1,1014,381863
1,1015,382004
1,1016,381389
1,1017,381613
1,1018,381545
1,1019,381405
1,1020,381436
1,1021,381584
1,1022,381666
1,1023,382049
1,1024,381966
1,1025,382029
1,1026,381490
1,1027,381582
1,1028,381699
1,1029,381841
1,1030,381817
1,1031,381633
1,1032,381899
1,1033,381658
1,1034,381329
1,1035,381499
1,1036,381165
1,1037,381275
1,1038,381240
1,1039,381318
1,1040,381522
1,1041,381775
1,1042,381463
1,1043,381235
1,1044,381181
1,1045,381187
1,1046,381569
1,1047,380919
1,1048,381020
1,1049,381296
1,1050,381240
1,1051,380989
1,1052,381008
1,1053,381116
1,1054,380984
1,1055,380733
1,1056,380962
1,1057,381168
1,1058,381276
1,1059,381021
1,1060,380828
1,1061,381142
1,1062,380675
1,1063,381052
1,1064,380871
1,1065,380969
1,1066,380747
1,1067,380729
1,1068,380695
1,1069,380628
1,1070,380623
1,1071,380621
1,1072,380681
1,1073,380393
1,1074,380278
1,1075,380642
1,1076,380274
1,1077,380244
1,1078,380147
1,1079,379975
1,1080,379842
1,1081,379655
1,1082,379498
1,1083,379111
1,1084,379464
1,1085,378974
1,1086,378859
1,1087,378980
1,1088,378798
1,1089,378581
1,1090,378461
1,1091,378225
1,1092,378011
1,1093,377915
1,1094,377729
1,1095,377806
1,1096,377203
1,1097,377229
1,1098,377445
1,1099,377655
1,1100,377461
1,1101,377401
1,1102,377126
1,1103,376968
1,1104,377133
1,1105,376940
1,1106,376839
1,1107,376473
1,1108,376732
1,1109,376781
1,1110,376943
1,1111,376853
1,1112,376693
1,1113,376821
1,1114,376450
1,1115,376460
1,1116,376579
1,1117,376679
1,1118,376455
1,1119,376231
1,1120,376015
1,1121,375712
1,1122,375315
1,1123,375585
1,1124,375273
1,1125,374916
1,1126,374705
1,1127,374446
1,1128,374418
1,1129,374345
1,1130,374337
1,1131,374288
1,1132,373855
1,1133,373631
1,1134,373585
1,1135,373268
1,1136,373161
1,1137,372942
1,1138,372851
1,1139,372745
1,1140,372463
1,1141,372369
1,1142,372300
1,1143,372040
1,1144,371749
1,1145,371576
1,1146,371909
1,1147,371159
1,1148,371016
1,1149,370999
1,1150,370839
1,1151,370591
1,1152,370511
1,1153,370366
1,1154,370319
1,1155,370186
1,1156,369952
1,1157,369764
1,1158,369681
1,1159,369709
1,1160,369841
1,1161,369798
1,1162,369638
1,1163,369631
1,1164,369329
1,1165,369153
1,1166,369223
1,1167,369526
1,1168,369127
1,1169,369065
1,1170,368935
1,1171,368956
1,1172,368887
1,1173,368926
1,1174,368642
1,1175,368629
1,1176,368670
1,1177,368702
1,1178,368527
1,1179,368482
1,1180,368311
1,1181,368271
1,1182,367974
1,1183,368466
1,1184,368251
1,1185,368198
1,1186,368179
1,1187,367794
1,1188,368076
1,1189,367896
1,1190,367775
1,1191,367658
1,1192,367490
1,1193,367358
1,1194,367542
1,1195,367317
1,1196,367115
1,1197,366844
1,1198,367105
1,1199,366843
1,1200,366739
1,1201,366898
1,1202,366791
1,1203,366609
1,1204,366454
1,1205,366435
1,1206,366619
1,1207,366383
1,1208,366318
1,1209,366398
1,1210,366375
1,1211,366340
1,1212,366492
1,1213,366401
1,1214,366116
1,1215,365824
1,1216,366257
1,1217,366345
1,1218,366389
1,1219,366435
1,1220,366402
1,1221,366465
1,1222,366154
1,1223,366410
1,1224,366362
1,1225,366221
1,1226,366088
1,1227,366218
1,1228,366390
1,1229,366280
1,1230,366183
1,1231,366066
1,1232,366457
1,1233,366261
1,1234,366257
1,1235,366294
1,1236,366392
1,1237,366088
1,1238,365835
1,1239,366384
1,1240,366000
1,1241,366199
1,1242,365963
1,1243,365927
1,1244,366078
1,1245,366012
1,1246,365599
1,1247,365562
1,1248,365769
1,1249,365405
1,1250,365446
1,1251,365397
1,1252,365209
1,1253,365291
1,1254,365133
1,1255,365004
1,1256,364994
1,1257,364777
1,1258,364714
1,1259,365005
1,1260,364771
1,1261,364558
1,1262,364515
1,1263,364556
1,1264,364304
1,1265,364337
1,1266,364308
1,1267,364306
1,1268,364348
1,1269,364339
1,1270,363955
1,1271,364239
1,1272,364302
1,1273,364170
1,1274,363983
1,1275,364088
1,1276,363933
1,1277,364044
1,1278,364212
1,1279,363933
1,1280,364045
1,1281,364050
1,1282,363820
1,1283,364166
1,1284,364110
1,1285,364027
1,1286,364036
1,1287,364180
1,1288,364077
1,1289,363943
1,1290,363958
1,1291,363978
1,1292,364095
1,1293,364199
1,1294,363695
1,1295,364065
1,1296,364035
1,1297,363849
1,1298,364329
1,1299,364201
1,1300,364124
1,1301,364056
1,1302,364493
1,1303,363996
1,1304,364404
1,1305,364676
1,1306,364253
1,1307,364697
1,1308,364648
1,1309,364653
1,1310,365302
1,1311,365513
1,1312,365493
1,1313,365536
1,1314,365549
1,1315,364912
1,1316,365014
1,1317,365586
1,1318,364823
1,1319,365468
1,1320,365556
1,1321,364531
1,1322,364793
1,1323,364764
1,1324,363758
1,1325,364007
1,1326,364052
1,1327,363379
1,1328,363708
1,1329,363558
1,1330,363008
1,1331,363151
1,1332,363351
1,1333,362402
1,1334,362832
1,1335,362656
1,1336,362358
1,1337,362303
1,1338,362249
1,1339,359655
1,1340,416580
