1,1,95674
1,2,96533
1,3,97714
1,4,98662
1,5,99732
1,6,101128
1,7,102071
1,8,103624
1,9,104483
1,10,105515
1,11,106395
1,12,108009
1,13,108985
1,14,109906
1,15,110623
1,16,111511
1,17,112569
1,18,113418
1,19,114287
1,20,115331
1,21,116504
1,22,117238
1,23,118594
1,24,119743
1,25,120611
1,26,121685
1,27,122373
1,28,123284
1,29,123922
1,30,124888
1,31,125659
1,32,126738
1,33,127701
1,34,128084
1,35,129128
1,36,130074
1,37,130771
1,38,131212
1,39,131734
1,40,132608
1,41,133714
1,42,134555
1,43,135125
1,44,136293
1,45,137048
1,46,138025
1,47,138388
1,48,138875
1,49,139925
1,50,140365
1,51,140914
1,52,141198
1,53,141901
1,54,142585
1,55,143597
1,56,143759
1,57,144775
1,58,145104
1,59,146211
1,60,146834
1,61,147345
1,62,147949
1,63,148410
1,64,149041
1,65,149658
1,66,150470
1,67,150709
1,68,151287
1,69,152246
1,70,153345
1,71,154578
1,72,155425
1,73,156999
1,74,158901
1,75,160531
1,76,162282
1,77,164160
1,78,165794
1,79,168864
1,80,168629
1,81,168211
1,82,168212
1,83,167357
1,84,166777
1,85,166793
1,86,167736
1,87,169056
1,88,169661
1,89,170989
1,90,172119
1,91,174839
1,92,177266
1,93,179691
1,94,183731
1,95,189073
1,96,196950
1,97,207532
1,98,220059
1,99,235709
1,100,251165
1,101,265973
1,102,279371
1,103,291698
1,104,305723
1,105,321821
1,106,338545
1,107,353188
1,108,362488
1,109,365505
1,110,366275
1,111,367805
1,112,370874
1,113,372650
1,114,374499
1,115,377815
1,116,378820
1,117,378390
1,118,381289
1,119,382389
1,120,382162
1,121,384617
1,122,386294
1,123,386104
1,124,383656
1,125,382420
1,126,381004
1,127,381652
1,128,379102
1,129,375182
1,130,369585
1,131,365956
1,132,365567
1,133,364160
1,134,363456
1,135,361519
1,136,360820
1,137,359916
1,138,360224
1,139,360649
1,140,361794
1,141,364962
1,142,369219
1,143,375436
1,144,380340
1,145,385828
1,146,391380
1,147,397238
1,148,404323
1,149,412639
1,150,421794
1,151,434234
1,152,448015
1,153,464771
1,154,482285
1,155,495962
1,156,512079
1,157,531663
1,158,549969
1,159,567185
1,160,588203
1,161,611295
1,162,637118
1,163,663866
1,164,692288
1,165,722348
1,166,751418
1,167,782218
1,168,826391
1,169,873884
1,170,925333
1,171,992664
1,172,1.07919e+006
1,173,1.17035e+006
1,174,1.27875e+006
1,175,1.43268e+006
1,176,1.62684e+006
1,177,1.82116e+006
1,178,2.07436e+006
1,179,2.48798e+006
1,180,3.12247e+006
1,181,3.49095e+006
1,182,3.68994e+006
1,183,3.89799e+006
1,184,4.2461e+006
1,185,4.53516e+006
1,186,4.84562e+006
1,187,5.25207e+006
1,188,6.01416e+006
1,189,6.5535e+006
1,190,6.5535e+006
1,191,6.5535e+006
1,192,6.5535e+006
1,193,6.5535e+006
1,194,6.5535e+006
1,195,6.5535e+006
1,196,6.5535e+006
1,197,6.5535e+006
1,198,6.5535e+006
1,199,6.5535e+006
1,200,6.5535e+006
1,201,6.5535e+006
1,202,6.5535e+006
1,203,6.5535e+006
1,204,6.5535e+006
1,205,6.5535e+006
1,206,6.5535e+006
1,207,6.33888e+006
1,208,5.44789e+006
1,209,5.0409e+006
1,210,4.73703e+006
1,211,4.38102e+006
1,212,4.18083e+006
1,213,4.00481e+006
1,214,3.72642e+006
1,215,3.41153e+006
1,216,3.00243e+006
1,217,2.59692e+006
1,218,2.39819e+006
1,219,2.26988e+006
1,220,2.21632e+006
1,221,2.26519e+006
1,222,2.38516e+006
1,223,2.50504e+006
1,224,2.53982e+006
1,225,2.56276e+006
1,226,2.51923e+006
1,227,2.35262e+006
1,228,2.08157e+006
1,229,1.89745e+006
1,230,1.71375e+006
1,231,1.55426e+006
1,232,1.4172e+006
1,233,1.36792e+006
1,234,1.36878e+006
1,235,1.37739e+006
1,236,1.37731e+006
1,237,1.37528e+006
1,238,1.37964e+006
1,239,1.39391e+006
1,240,1.39865e+006
1,241,1.3732e+006
1,242,1.33955e+006
1,243,1.3043e+006
1,244,1.26548e+006
1,245,1.22788e+006
1,246,1.216e+006
1,247,1.22402e+006
1,248,1.25432e+006
1,249,1.29695e+006
1,250,1.34173e+006
1,251,1.38701e+006
1,252,1.42684e+006
1,253,1.43958e+006
1,254,1.40153e+006
1,255,1.33814e+006
1,256,1.26877e+006
1,257,1.21217e+006
1,258,1.16015e+006
1,259,1.10749e+006
1,260,1.07129e+006
1,261,1.05311e+006
1,262,1.04186e+006
1,263,1.02763e+006
1,264,996309
1,265,954564
1,266,909990
1,267,876841
1,268,864357
1,269,866624
1,270,872699
1,271,888241
1,272,899807
1,273,900126
1,274,891814
1,275,877196
1,276,861635
1,277,839185
1,278,810190
1,279,772082
1,280,733174
1,281,696151
1,282,681624
1,283,679804
1,284,691028
1,285,715056
1,286,751383
1,287,787257
1,288,816073
1,289,844456
1,290,871032
1,291,895970
1,292,932299
1,293,981694
1,294,1.03279e+006
1,295,1.05911e+006
1,296,1.0783e+006
1,297,1.10861e+006
1,298,1.12124e+006
1,299,1.11578e+006
1,300,1.10313e+006
1,301,1.0724e+006
1,302,993721
1,303,909802
1,304,854177
1,305,812317
1,306,762290
1,307,736903
1,308,722317
1,309,705807
1,310,700586
1,311,705682
1,312,721984
1,313,747814
1,314,774180
1,315,794562
1,316,803904
1,317,809835
1,318,814605
1,319,820038
1,320,818245
1,321,818186
1,322,822389
1,323,848267
1,324,882132
1,325,906204
1,326,928757
1,327,956529
1,328,993223
1,329,1.03449e+006
1,330,1.08083e+006
1,331,1.13295e+006
1,332,1.19589e+006
1,333,1.26508e+006
1,334,1.32671e+006
1,335,1.35504e+006
1,336,1.35292e+006
1,337,1.34154e+006
1,338,1.33557e+006
1,339,1.31113e+006
1,340,1.27507e+006
1,341,1.22476e+006
1,342,1.16265e+006
1,343,1.08872e+006
1,344,1.02936e+006
1,345,987599
1,346,955991
1,347,917214
1,348,865473
1,349,815578
1,350,770165
1,351,732924
1,352,696157
1,353,666623
1,354,644645
1,355,628826
1,356,613429
1,357,594748
1,358,575676
1,359,557700
1,360,541020
1,361,526234
1,362,517179
1,363,514555
1,364,514962
1,365,515232
1,366,515352
1,367,515149
1,368,515079
1,369,515660
1,370,515200
1,371,515555
1,372,516549
1,373,519387
1,374,523831
1,375,526941
1,376,529746
1,377,531887
1,378,532896
1,379,531285
1,380,527570
1,381,523144
1,382,520585
1,383,516303
1,384,515774
1,385,518889
1,386,525716
1,387,533618
1,388,539806
1,389,547826
1,390,560853
1,391,570390
1,392,568827
1,393,564674
1,394,562838
1,395,558458
1,396,546713
1,397,537717
1,398,530940
1,399,530600
1,400,530436
1,401,523738
1,402,519498
1,403,522550
1,404,522196
1,405,518007
1,406,512043
1,407,507944
1,408,502863
1,409,497515
1,410,497272
1,411,500809
1,412,501737
1,413,500678
1,414,498385
1,415,497385
1,416,498625
1,417,497980
1,418,497987
1,419,501920
1,420,505790
1,421,507618
1,422,505381
1,423,503597
1,424,504054
1,425,503053
1,426,504186
1,427,513120
1,428,522049
1,429,528020
1,430,528820
1,431,528014
1,432,524388
1,433,522666
1,434,524641
1,435,527189
1,436,532241
1,437,535084
1,438,535699
1,439,537277
1,440,536950
1,441,537641
1,442,538324
1,443,539066
1,444,542590
1,445,545014
1,446,547275
1,447,548045
1,448,548513
1,449,546310
1,450,542803
1,451,540321
1,452,539389
1,453,545078
1,454,548529
1,455,545191
1,456,539252
1,457,530424
1,458,525881
1,459,527467
1,460,536614
1,461,547060
1,462,552553
1,463,546371
1,464,535066
1,465,526138
1,466,526321
1,467,531882
1,468,538240
1,469,537823
1,470,532571
1,471,526004
1,472,521929
1,473,521150
1,474,518854
1,475,517996
1,476,517199
1,477,516206
1,478,509458
1,479,502598
1,480,499036
1,481,496238
1,482,492549
1,483,488823
1,484,489894
1,485,489021
1,486,485337
1,487,477203
1,488,470146
1,489,473314
1,490,480821
1,491,482699
1,492,470738
1,493,449710
1,494,428814
1,495,411882
1,496,399017
1,497,389927
1,498,383809
1,499,376375
1,500,372958
1,501,371518
1,502,371690
1,503,375292
1,504,378750
1,505,379324
1,506,377443
1,507,374241
1,508,372961
1,509,373165
1,510,375280
1,511,375498
1,512,374587
1,513,370674
1,514,369891
1,515,372451
1,516,376549
1,517,381653
1,518,383833
1,519,384263
1,520,385988
1,521,392367
1,522,399472
1,523,402758
1,524,389773
1,525,368362
1,526,360590
1,527,342492
1,528,336012
1,529,336290
1,530,338397
1,531,338123
1,532,339990
1,533,342856
1,534,356093
1,535,368301
1,536,360020
1,537,359521
1,538,366542
1,539,356162
1,540,362585
1,541,387558
1,542,387028
1,543,380586
1,544,361966
1,545,356239
1,546,350851
1,547,344251
1,548,343693
1,549,339495
1,550,341284
1,551,344238
1,552,341883
1,553,337726
1,554,333461
1,555,331074
1,556,329227
1,557,328822
1,558,328379
1,559,328595
1,560,327361
1,561,327771
1,562,329096
1,563,328870
1,564,328644
1,565,329331
1,566,328470
1,567,328721
1,568,329126
1,569,328988
1,570,330543
1,571,332189
1,572,333014
1,573,334362
1,574,334353
1,575,335450
1,576,336111
1,577,336887
1,578,337514
1,579,336892
1,580,337562
1,581,337763
1,582,337807
1,583,337038
1,584,338064
1,585,337377
1,586,336606
1,587,335658
1,588,334911
1,589,332881
1,590,332743
1,591,330820
1,592,329357
1,593,328090
1,594,327335
1,595,326636
1,596,326597
1,597,326170
1,598,325896
1,599,325801
1,600,325497
1,601,326351
1,602,325894
1,603,325673
1,604,325553
1,605,325667
1,606,326316
1,607,325206
1,608,324579
1,609,325736
1,610,325657
1,611,325576
1,612,325003
1,613,325333
1,614,325664
1,615,325491
1,616,325228
1,617,325915
1,618,324700
1,619,325525
1,620,325709
1,621,325194
1,622,325301
1,623,325260
1,624,325690
1,625,325829
1,626,325303
1,627,325488
1,628,325379
1,629,325409
1,630,325444
1,631,325830
1,632,326065
1,633,332069
1,634,329882
1,635,326579
1,636,325639
1,637,325559
1,638,326245
1,639,325978
1,640,326637
1,641,326056
1,642,325057
1,643,325523
1,644,325688
1,645,325697
1,646,325171
1,647,326546
1,648,326475
1,649,325759
1,650,326390
1,651,326842
1,652,325980
1,653,327169
1,654,326631
1,655,326825
1,656,326918
1,657,326759
1,658,326092
1,659,325894
1,660,326501
1,661,326050
1,662,325609
1,663,327226
1,664,327108
1,665,326721
1,666,326999
1,667,327636
1,668,328045
1,669,328409
1,670,328068
1,671,328248
1,672,329381
1,673,329634
1,674,329649
1,675,330392
1,676,330498
1,677,330581
1,678,331208
1,679,331001
1,680,331560
1,681,334203
1,682,332133
1,683,332798
1,684,332816
1,685,332502
1,686,333222
1,687,333647
1,688,334247
1,689,334689
1,690,334711
1,691,334476
1,692,334793
1,693,334738
1,694,334951
1,695,334646
1,696,335022
1,697,335640
1,698,335137
1,699,335621
1,700,335896
1,701,336231
1,702,336355
1,703,336489
1,704,336992
1,705,337072
1,706,337334
1,707,337433
1,708,338304
1,709,339137
1,710,339105
1,711,339353
1,712,339918
1,713,340974
1,714,340969
1,715,342041
1,716,342080
1,717,341355
1,718,341610
1,719,342898
1,720,342985
1,721,343217
1,722,344446
1,723,343847
1,724,344668
1,725,345492
1,726,345139
1,727,345952
1,728,345394
1,729,346737
1,730,346729
1,731,346971
1,732,347409
1,733,347713
1,734,347475
1,735,348207
1,736,348295
1,737,349208
1,738,350251
1,739,349740
1,740,349544
1,741,350852
1,742,351331
1,743,351497
1,744,351714
1,745,351830
1,746,352916
1,747,353012
1,748,352335
1,749,354221
1,750,354622
1,751,354524
1,752,354946
1,753,355810
1,754,355208
1,755,354798
1,756,356261
1,757,356823
1,758,357030
1,759,358183
1,760,357849
1,761,358865
1,762,358675
1,763,358753
1,764,360106
1,765,360071
1,766,360139
1,767,361111
1,768,361355
1,769,362049
1,770,362061
1,771,362676
1,772,362600
1,773,363521
1,774,363986
1,775,364241
1,776,364624
1,777,365110
1,778,365320
1,779,366322
1,780,367613
1,781,367175
1,782,368127
1,783,368056
1,784,368823
1,785,369378
1,786,369142
1,787,369684
1,788,370660
1,789,371021
1,790,371007
1,791,372409
1,792,372569
1,793,372878
1,794,372659
1,795,373725
1,796,373527
1,797,374638
1,798,375159
1,799,374711
1,800,375418
1,801,375889
1,802,376264
1,803,376510
1,804,376703
1,805,377916
1,806,378021
1,807,378208
1,808,379042
1,809,378731
1,810,380104
1,811,381813
1,812,380633
1,813,380680
1,814,381816
1,815,381960
1,816,381974
1,817,383285
1,818,382700
1,819,383702
1,820,384134
1,821,383167
1,822,383518
1,823,384377
1,824,385547
1,825,385205
1,826,386604
1,827,386810
1,828,386891
1,829,387580
1,830,387550
1,831,388418
1,832,388516
1,833,388020
1,834,389742
1,835,389590
1,836,390647
1,837,389909
1,838,391064
1,839,391764
1,840,391876
1,841,391494
1,842,392173
1,843,392982
1,844,393494
1,845,393514
1,846,392984
1,847,393757
1,848,394897
1,849,395126
1,850,395262
1,851,395336
1,852,396100
1,853,396857
1,854,396533
1,855,396815
1,856,396628
1,857,397958
1,858,397965
1,859,399159
1,860,399331
1,861,398281
1,862,398440
1,863,400023
1,864,400352
1,865,400081
1,866,401200
1,867,401067
1,868,401498
1,869,402004
1,870,402399
1,871,402443
1,872,402491
1,873,402368
1,874,402897
1,875,402802
1,876,403859
1,877,404118
1,878,404245
1,879,404797
1,880,405558
1,881,405962
1,882,405778
1,883,407204
1,884,405643
1,885,405953
1,886,407254
1,887,407952
1,888,408404
1,889,409009
1,890,408472
1,891,409541
1,892,409454
1,893,409674
1,894,410528
1,895,410329
1,896,409511
1,897,409725
1,898,410556
1,899,411393
1,900,411846
1,901,411691
1,902,412533
1,903,412192
1,904,412102
1,905,412345
1,906,412739
1,907,413482
1,908,413237
1,909,414249
1,910,413400
1,911,414710
1,912,415345
1,913,415022
1,914,415394
1,915,415074
1,916,416020
1,917,415473
1,918,415786
1,919,416530
1,920,416409
1,921,416405
1,922,416062
1,923,415793
1,924,416270
1,925,416222
1,926,416499
1,927,417641
1,928,417636
1,929,417142
1,930,417144
1,931,417127
1,932,418448
1,933,418004
1,934,417863
1,935,418021
1,936,418854
1,937,418174
1,938,419762
1,939,418976
1,940,418565
1,941,419419
1,942,420083
1,943,420222
1,944,420580
1,945,419700
1,946,419742
1,947,420392
1,948,419153
1,949,420261
1,950,420460
1,951,420975
1,952,420825
1,953,420751
1,954,419773
1,955,421277
1,956,421234
1,957,421566
1,958,419810
1,959,420833
1,960,421426
1,961,421271
1,962,420431
1,963,421033
1,964,421119
1,965,420939
1,966,420942
1,967,421445
1,968,421963
1,969,421033
1,970,421810
1,971,421907
1,972,422351
1,973,421702
1,974,421873
1,975,421655
1,976,421312
1,977,421481
1,978,422051
1,979,422593
1,980,421481
1,981,422427
1,982,422526
1,983,421380
1,984,422122
1,985,422152
1,986,421781
1,987,422263
1,988,422093
1,989,421827
1,990,422876
1,991,422132
1,992,422483
1,993,421433
1,994,421728
1,995,421657
1,996,422023
1,997,421124
1,998,420600
1,999,421359
1,1000,420832
1,1001,421070
1,1002,421293
1,1003,421288
1,1004,420916
1,1005,420838
1,1006,420286
1,1007,420970
1,1008,420014
1,1009,419780
1,1010,420597
1,1011,421009
1,1012,420646
1,1013,420984
1,1014,420097
1,1015,419771
1,1016,419775
1,1017,419874
1,1018,419933
1,1019,418888
1,1020,419988
1,1021,419391
1,1022,418808
1,1023,419805
1,1024,419698
1,1025,419000
1,1026,419190
1,1027,418739
1,1028,418739
1,1029,418200
1,1030,419042
1,1031,418481
1,1032,417819
1,1033,417428
1,1034,417329
1,1035,416731
1,1036,416847
1,1037,417665
1,1038,416617
1,1039,416212
1,1040,416750
1,1041,416694
1,1042,415307
1,1043,414922
1,1044,415961
1,1045,415118
1,1046,416043
1,1047,415298
1,1048,415131
1,1049,414781
1,1050,415000
1,1051,414330
1,1052,413617
1,1053,414241
1,1054,413929
1,1055,413568
1,1056,413563
1,1057,413865
1,1058,412928
1,1059,412998
1,1060,412473
1,1061,412633
1,1062,412145
1,1063,412571
1,1064,411961
1,1065,411456
1,1066,411087
1,1067,411650
1,1068,410754
1,1069,410802
1,1070,410247
1,1071,409995
1,1072,410777
1,1073,409286
1,1074,410008
1,1075,410111
1,1076,408299
1,1077,408240
1,1078,407993
1,1079,408303
1,1080,407756
1,1081,407404
1,1082,407493
1,1083,406715
1,1084,406879
1,1085,406489
1,1086,406382
1,1087,406831
1,1088,405571
1,1089,405894
1,1090,405135
1,1091,405325
1,1092,404581
1,1093,403706
1,1094,403571
1,1095,403972
1,1096,403135
1,1097,403542
1,1098,402848
1,1099,402475
1,1100,402574
1,1101,402103
1,1102,401250
1,1103,401534
1,1104,401721
1,1105,400382
1,1106,399713
1,1107,399601
1,1108,399202
1,1109,399533
1,1110,398429
1,1111,397943
1,1112,398340
1,1113,397898
1,1114,398022
1,1115,397829
1,1116,396676
1,1117,396668
1,1118,395966
1,1119,395675
1,1120,396481
1,1121,394580
1,1122,394692
1,1123,394423
1,1124,394293
1,1125,393273
1,1126,393189
1,1127,392636
1,1128,391687
1,1129,392292
1,1130,392307
1,1131,391610
1,1132,391295
1,1133,391599
1,1134,389762
1,1135,391140
1,1136,389727
1,1137,389283
1,1138,389282
1,1139,389263
1,1140,388841
1,1141,387766
1,1142,386914
1,1143,387041
1,1144,386749
1,1145,385927
1,1146,386726
1,1147,385719
1,1148,385325
1,1149,383999
1,1150,385224
1,1151,383786
1,1152,383141
1,1153,382596
1,1154,382028
1,1155,381579
1,1156,380857
1,1157,380358
1,1158,380673
1,1159,380202
1,1160,379257
1,1161,379379
1,1162,378509
1,1163,378077
1,1164,378024
1,1165,377699
1,1166,377230
1,1167,376130
1,1168,375721
1,1169,375266
1,1170,376060
1,1171,375412
1,1172,373937
1,1173,374618
1,1174,373339
1,1175,373314
1,1176,372228
1,1177,372500
1,1178,371289
1,1179,371105
1,1180,370762
1,1181,370104
1,1182,369599
1,1183,369884
1,1184,369400
1,1185,368625
1,1186,368000
1,1187,368006
1,1188,366967
1,1189,367270
1,1190,366587
1,1191,365161
1,1192,365520
1,1193,364112
1,1194,364096
1,1195,362924
1,1196,362704
1,1197,363017
1,1198,362661
1,1199,361517
1,1200,361115
1,1201,360008
1,1202,360720
1,1203,359199
1,1204,358884
1,1205,358220
1,1206,357977
1,1207,357738
1,1208,357116
1,1209,357295
1,1210,355810
1,1211,356051
1,1212,354993
1,1213,355389
1,1214,354114
1,1215,354195
1,1216,353372
1,1217,353733
1,1218,352608
1,1219,352260
1,1220,351225
1,1221,351381
1,1222,350680
1,1223,350218
1,1224,349058
1,1225,349720
1,1226,348602
1,1227,348607
1,1228,348403
1,1229,348090
1,1230,347360
1,1231,345996
1,1232,345875
1,1233,346043
1,1234,345617
1,1235,345320
1,1236,343909
1,1237,344659
1,1238,343145
1,1239,343217
1,1240,342233
1,1241,342507
1,1242,341321
1,1243,340889
1,1244,339921
1,1245,339144
1,1246,338709
1,1247,339116
1,1248,338594
1,1249,337475
1,1250,337745
1,1251,337517
1,1252,336047
1,1253,334948
1,1254,334806
1,1255,334643
1,1256,333930
1,1257,333253
1,1258,333265
1,1259,332268
1,1260,332385
1,1261,331937
1,1262,331046
1,1263,329659
1,1264,329530
1,1265,329064
1,1266,328754
1,1267,328567
1,1268,327197
1,1269,327008
1,1270,327114
1,1271,326714
1,1272,325840
1,1273,324664
1,1274,324647
1,1275,323067
1,1276,323361
1,1277,322993
1,1278,322084
1,1279,321388
1,1280,321307
1,1281,321035
1,1282,320126
1,1283,319900
1,1284,319476
1,1285,318369
1,1286,318231
1,1287,317974
1,1288,317623
1,1289,317744
1,1290,317156
1,1291,316844
1,1292,315331
1,1293,315534
1,1294,315447
1,1295,314170
1,1296,314336
1,1297,313146
1,1298,313130
1,1299,312332
1,1300,312966
1,1301,312079
1,1302,311133
1,1303,311235
1,1304,311053
1,1305,310857
1,1306,308866
1,1307,309100
1,1308,308567
1,1309,308086
1,1310,307743
1,1311,306413
1,1312,306381
1,1313,305722
1,1314,305537
1,1315,304990
1,1316,304727
1,1317,304348
1,1318,304141
1,1319,304215
1,1320,303833
1,1321,303032
1,1322,302107
1,1323,302615
1,1324,301989
1,1325,301714
1,1326,300661
1,1327,300280
1,1328,299686
1,1329,299155
1,1330,299180
1,1331,298050
1,1332,297536
1,1333,296958
1,1334,296000
1,1335,295977
1,1336,295337
1,1337,295441
1,1338,294763
1,1339,294109
1,1340,301227
