1,1,421049
1,2,421980
1,3,422562
1,4,423673
1,5,425289
1,6,426711
1,7,428495
1,8,429979
1,9,431169
1,10,432093
1,11,432705
1,12,433710
1,13,434836
1,14,435887
1,15,437351
1,16,439549
1,17,441403
1,18,444371
1,19,446136
1,20,449476
1,21,452109
1,22,457001
1,23,462305
1,24,465359
1,25,467465
1,26,469882
1,27,472760
1,28,474397
1,29,476807
1,30,478600
1,31,480388
1,32,483790
1,33,486734
1,34,488678
1,35,491108
1,36,493617
1,37,496174
1,38,499426
1,39,502320
1,40,505400
1,41,507350
1,42,513082
1,43,517323
1,44,519433
1,45,522467
1,46,528733
1,47,534406
1,48,536854
1,49,538261
1,50,540060
1,51,544650
1,52,549211
1,53,551170
1,54,552219
1,55,555167
1,56,561184
1,57,566193
1,58,569141
1,59,571411
1,60,575324
1,61,581345
1,62,587150
1,63,591966
1,64,593514
1,65,597437
1,66,604128
1,67,611318
1,68,618506
1,69,628040
1,70,637962
1,71,651702
1,72,669279
1,73,687915
1,74,701986
1,75,717810
1,76,744742
1,77,765455
1,78,778321
1,79,801258
1,80,811598
1,81,796884
1,82,785809
1,83,782277
1,84,775707
1,85,767103
1,86,774499
1,87,784351
1,88,796497
1,89,813307
1,90,833143
1,91,854829
1,92,883657
1,93,927826
1,94,992237
1,95,1.08274e+006
1,96,1.2053e+006
1,97,1.37245e+006
1,98,1.58761e+006
1,99,1.85787e+006
1,100,2.15876e+006
1,101,2.45893e+006
1,102,2.74267e+006
1,103,3.00563e+006
1,104,3.27105e+006
1,105,3.54022e+006
1,106,3.79432e+006
1,107,4.03557e+006
1,108,4.23425e+006
1,109,4.36867e+006
1,110,4.4539e+006
1,111,4.50648e+006
1,112,4.52216e+006
1,113,4.51973e+006
1,114,4.54843e+006
1,115,4.606e+006
1,116,4.65531e+006
1,117,4.66379e+006
1,118,4.66003e+006
1,119,4.64327e+006
1,120,4.61884e+006
1,121,4.61673e+006
1,122,4.62098e+006
1,123,4.58752e+006
1,124,4.52905e+006
1,125,4.47154e+006
1,126,4.42246e+006
1,127,4.36274e+006
1,128,4.27114e+006
1,129,4.17085e+006
1,130,4.07249e+006
1,131,4.00979e+006
1,132,3.9576e+006
1,133,3.93198e+006
1,134,3.89973e+006
1,135,3.8548e+006
1,136,3.82091e+006
1,137,3.80795e+006
1,138,3.79609e+006
1,139,3.7616e+006
1,140,3.74776e+006
1,141,3.7794e+006
1,142,3.84267e+006
1,143,3.93344e+006
1,144,4.02728e+006
1,145,4.09269e+006
1,146,4.15234e+006
1,147,4.21461e+006
1,148,4.33174e+006
1,149,4.46589e+006
1,150,4.63957e+006
1,151,4.83454e+006
1,152,5.07301e+006
1,153,5.33061e+006
1,154,5.59834e+006
1,155,5.85712e+006
1,156,6.11864e+006
1,157,6.47121e+006
1,158,6.80768e+006
1,159,7.17154e+006
1,160,7.55545e+006
1,161,7.97011e+006
1,162,8.39679e+006
1,163,8.86442e+006
1,164,9.34075e+006
1,165,9.8399e+006
1,166,1.03472e+007
1,167,1.08775e+007
1,168,1.15106e+007
1,169,1.22368e+007
1,170,1.30748e+007
1,171,1.41106e+007
1,172,1.53681e+007
1,173,1.6755e+007
1,174,1.84229e+007
1,175,2.07261e+007
1,176,2.25275e+007
1,177,2.35134e+007
1,178,2.4289e+007
1,179,2.50153e+007
1,180,2.54428e+007
1,181,2.57795e+007
1,182,2.61531e+007
1,183,2.6214e+007
1,184,2.6214e+007
1,185,2.6214e+007
1,186,2.6214e+007
1,187,2.6214e+007
1,188,2.6214e+007
1,189,2.6214e+007
1,190,2.6214e+007
1,191,2.6214e+007
1,192,2.6214e+007
1,193,2.6214e+007
1,194,2.6214e+007
1,195,2.6214e+007
1,196,2.6214e+007
1,197,2.6214e+007
1,198,2.6214e+007
1,199,2.6214e+007
1,200,2.6214e+007
1,201,2.6214e+007
1,202,2.6214e+007
1,203,2.6214e+007
1,204,2.6214e+007
1,205,2.6214e+007
1,206,2.6214e+007
1,207,2.6214e+007
1,208,2.6214e+007
1,209,2.6214e+007
1,210,2.6214e+007
1,211,2.6214e+007
1,212,2.6214e+007
1,213,2.6214e+007
1,214,2.6214e+007
1,215,2.59587e+007
1,216,2.59581e+007
1,217,2.59578e+007
1,218,2.59576e+007
1,219,2.59576e+007
1,220,2.59577e+007
1,221,2.59578e+007
1,222,2.5958e+007
1,223,2.5958e+007
1,224,2.5958e+007
1,225,2.59578e+007
1,226,2.59577e+007
1,227,2.58777e+007
1,228,2.54422e+007
1,229,2.50041e+007
1,230,2.4562e+007
1,231,2.41222e+007
1,232,2.40218e+007
1,233,2.45336e+007
1,234,2.51809e+007
1,235,2.5582e+007
1,236,2.58e+007
1,237,2.58888e+007
1,238,2.59244e+007
1,239,2.59189e+007
1,240,2.57775e+007
1,241,2.52946e+007
1,242,2.45988e+007
1,243,2.39027e+007
1,244,2.33859e+007
1,245,2.29378e+007
1,246,2.27223e+007
1,247,2.26787e+007
1,248,2.29654e+007
1,249,2.33787e+007
1,250,2.37678e+007
1,251,2.40943e+007
1,252,2.43532e+007
1,253,2.45387e+007
1,254,2.45925e+007
1,255,2.40789e+007
1,256,2.34425e+007
1,257,2.26852e+007
1,258,2.17251e+007
1,259,2.06445e+007
1,260,2.00063e+007
1,261,1.97757e+007
1,262,1.957e+007
1,263,1.91652e+007
1,264,1.84454e+007
1,265,1.75061e+007
1,266,1.66045e+007
1,267,1.59846e+007
1,268,1.58015e+007
1,269,1.59647e+007
1,270,1.61749e+007
1,271,1.64171e+007
1,272,1.65398e+007
1,273,1.64499e+007
1,274,1.62234e+007
1,275,1.58305e+007
1,276,1.53937e+007
1,277,1.47855e+007
1,278,1.41056e+007
1,279,1.33256e+007
1,280,1.26148e+007
1,281,1.20152e+007
1,282,1.16451e+007
1,283,1.15349e+007
1,284,1.16156e+007
1,285,1.18736e+007
1,286,1.22429e+007
1,287,1.26217e+007
1,288,1.29988e+007
1,289,1.33757e+007
1,290,1.3752e+007
1,291,1.41181e+007
1,292,1.46641e+007
1,293,1.54507e+007
1,294,1.63002e+007
1,295,1.68052e+007
1,296,1.73435e+007
1,297,1.80615e+007
1,298,1.86189e+007
1,299,1.88932e+007
1,300,1.89718e+007
1,301,1.86327e+007
1,302,1.76961e+007
1,303,1.65448e+007
1,304,1.56797e+007
1,305,1.49159e+007
1,306,1.40194e+007
1,307,1.33134e+007
1,308,1.27917e+007
1,309,1.23029e+007
1,310,1.19059e+007
1,311,1.16961e+007
1,312,1.18416e+007
1,313,1.21696e+007
1,314,1.25309e+007
1,315,1.28101e+007
1,316,1.29414e+007
1,317,1.30626e+007
1,318,1.31319e+007
1,319,1.31571e+007
1,320,1.30454e+007
1,321,1.30413e+007
1,322,1.31406e+007
1,323,1.34873e+007
1,324,1.37401e+007
1,325,1.39238e+007
1,326,1.41917e+007
1,327,1.46664e+007
1,328,1.52036e+007
1,329,1.57297e+007
1,330,1.65392e+007
1,331,1.75084e+007
1,332,1.84229e+007
1,333,1.90901e+007
1,334,1.96113e+007
1,335,1.96516e+007
1,336,1.94795e+007
1,337,1.91364e+007
1,338,1.87799e+007
1,339,1.82023e+007
1,340,1.76303e+007
1,341,1.67998e+007
1,342,1.57518e+007
1,343,1.46681e+007
1,344,1.39226e+007
1,345,1.33019e+007
1,346,1.26464e+007
1,347,1.18639e+007
1,348,1.1091e+007
1,349,1.03974e+007
1,350,9.7526e+006
1,351,9.13541e+006
1,352,8.55544e+006
1,353,8.10265e+006
1,354,7.77334e+006
1,355,7.54622e+006
1,356,7.33307e+006
1,357,7.08172e+006
1,358,6.81712e+006
1,359,6.59068e+006
1,360,6.40809e+006
1,361,6.24279e+006
1,362,6.13253e+006
1,363,6.09071e+006
1,364,6.05772e+006
1,365,6.01408e+006
1,366,5.94592e+006
1,367,5.87709e+006
1,368,5.78776e+006
1,369,5.68643e+006
1,370,5.58289e+006
1,371,5.50453e+006
1,372,5.44505e+006
1,373,5.43065e+006
1,374,5.48012e+006
1,375,5.56007e+006
1,376,5.65538e+006
1,377,5.72076e+006
1,378,5.73477e+006
1,379,5.73425e+006
1,380,5.74948e+006
1,381,5.76569e+006
1,382,5.79149e+006
1,383,5.8166e+006
1,384,5.82711e+006
1,385,5.85933e+006
1,386,5.89648e+006
1,387,5.95158e+006
1,388,5.98644e+006
1,389,6.06093e+006
1,390,6.1483e+006
1,391,6.23165e+006
1,392,6.20956e+006
1,393,6.12722e+006
1,394,5.94842e+006
1,395,5.72166e+006
1,396,5.48949e+006
1,397,5.36454e+006
1,398,5.19249e+006
1,399,5.05215e+006
1,400,4.97102e+006
1,401,4.90543e+006
1,402,4.83782e+006
1,403,4.82013e+006
1,404,4.82793e+006
1,405,4.79851e+006
1,406,4.68509e+006
1,407,4.6008e+006
1,408,4.51734e+006
1,409,4.44329e+006
1,410,4.36755e+006
1,411,4.2999e+006
1,412,4.25865e+006
1,413,4.18484e+006
1,414,4.09798e+006
1,415,4.01661e+006
1,416,3.9803e+006
1,417,3.97262e+006
1,418,3.9818e+006
1,419,4.03745e+006
1,420,4.0865e+006
1,421,4.08362e+006
1,422,4.05193e+006
1,423,4.02234e+006
1,424,4.0205e+006
1,425,4.03194e+006
1,426,4.06368e+006
1,427,4.14377e+006
1,428,4.21932e+006
1,429,4.24131e+006
1,430,4.22794e+006
1,431,4.21251e+006
1,432,4.21342e+006
1,433,4.24222e+006
1,434,4.3157e+006
1,435,4.3816e+006
1,436,4.43663e+006
1,437,4.46713e+006
1,438,4.46473e+006
1,439,4.44003e+006
1,440,4.40698e+006
1,441,4.39367e+006
1,442,4.38676e+006
1,443,4.39893e+006
1,444,4.44502e+006
1,445,4.45937e+006
1,446,4.4878e+006
1,447,4.49893e+006
1,448,4.47089e+006
1,449,4.45431e+006
1,450,4.45141e+006
1,451,4.47444e+006
1,452,4.51333e+006
1,453,4.5536e+006
1,454,4.56806e+006
1,455,4.48981e+006
1,456,4.37141e+006
1,457,4.26952e+006
1,458,4.24259e+006
1,459,4.29756e+006
1,460,4.40862e+006
1,461,4.50262e+006
1,462,4.50281e+006
1,463,4.38888e+006
1,464,4.24785e+006
1,465,4.17323e+006
1,466,4.17973e+006
1,467,4.25242e+006
1,468,4.32235e+006
1,469,4.34393e+006
1,470,4.2714e+006
1,471,4.16781e+006
1,472,4.12138e+006
1,473,4.14319e+006
1,474,4.17016e+006
1,475,4.1432e+006
1,476,4.05741e+006
1,477,3.94724e+006
1,478,3.85165e+006
1,479,3.79767e+006
1,480,3.76946e+006
1,481,3.74825e+006
1,482,3.71049e+006
1,483,3.64521e+006
1,484,3.66827e+006
1,485,3.59375e+006
1,486,3.53956e+006
1,487,3.41086e+006
1,488,3.32253e+006
1,489,3.3826e+006
1,490,3.4625e+006
1,491,3.46488e+006
1,492,3.33116e+006
1,493,3.04321e+006
1,494,2.73991e+006
1,495,2.49952e+006
1,496,2.30078e+006
1,497,2.15371e+006
1,498,2.03846e+006
1,499,1.93896e+006
1,500,1.89102e+006
1,501,1.86926e+006
1,502,1.87531e+006
1,503,1.9113e+006
1,504,1.95107e+006
1,505,1.9452e+006
1,506,1.90741e+006
1,507,1.88125e+006
1,508,1.89276e+006
1,509,1.91739e+006
1,510,1.94e+006
1,511,1.92927e+006
1,512,1.89695e+006
1,513,1.85867e+006
1,514,1.85432e+006
1,515,1.87998e+006
1,516,1.92828e+006
1,517,1.96642e+006
1,518,1.9791e+006
1,519,1.98762e+006
1,520,2.05098e+006
1,521,2.19569e+006
1,522,2.35992e+006
1,523,2.47331e+006
1,524,2.32379e+006
1,525,2.04712e+006
1,526,1.90961e+006
1,527,1.65179e+006
1,528,1.53678e+006
1,529,1.5454e+006
1,530,1.59039e+006
1,531,1.62426e+006
1,532,1.67112e+006
1,533,1.72297e+006
1,534,2.00651e+006
1,535,2.2243e+006
1,536,2.06637e+006
1,537,2.14875e+006
1,538,2.2684e+006
1,539,2.10495e+006
1,540,2.20569e+006
1,541,2.58699e+006
1,542,2.60009e+006
1,543,2.45372e+006
1,544,2.14877e+006
1,545,2.04041e+006
1,546,1.91596e+006
1,547,1.80352e+006
1,548,1.77121e+006
1,549,1.70439e+006
1,550,1.71061e+006
1,551,1.72748e+006
1,552,1.67682e+006
1,553,1.58438e+006
1,554,1.49485e+006
1,555,1.46144e+006
1,556,1.42717e+006
1,557,1.40073e+006
1,558,1.3921e+006
1,559,1.37935e+006
1,560,1.37779e+006
1,561,1.39459e+006
1,562,1.40344e+006
1,563,1.41485e+006
1,564,1.42479e+006
1,565,1.44905e+006
1,566,1.47122e+006
1,567,1.5108e+006
1,568,1.55419e+006
1,569,1.61842e+006
1,570,1.6912e+006
1,571,1.77008e+006
1,572,1.86913e+006
1,573,1.95846e+006
1,574,2.03129e+006
1,575,2.07309e+006
1,576,2.12338e+006
1,577,2.17347e+006
1,578,2.20749e+006
1,579,2.23378e+006
1,580,2.24271e+006
1,581,2.2564e+006
1,582,2.258e+006
1,583,2.23247e+006
1,584,2.20355e+006
1,585,2.11864e+006
1,586,2.04586e+006
1,587,1.9392e+006
1,588,1.82385e+006
1,589,1.70863e+006
1,590,1.59935e+006
1,591,1.50946e+006
1,592,1.4231e+006
1,593,1.35937e+006
1,594,1.31684e+006
1,595,1.28614e+006
1,596,1.2595e+006
1,597,1.24062e+006
1,598,1.22847e+006
1,599,1.21799e+006
1,600,1.20964e+006
1,601,1.20389e+006
1,602,1.1976e+006
1,603,1.18821e+006
1,604,1.18329e+006
1,605,1.1745e+006
1,606,1.16893e+006
1,607,1.16243e+006
1,608,1.15722e+006
1,609,1.14862e+006
1,610,1.14168e+006
1,611,1.13729e+006
1,612,1.13287e+006
1,613,1.12934e+006
1,614,1.12811e+006
1,615,1.125e+006
1,616,1.11942e+006
1,617,1.11071e+006
1,618,1.10365e+006
1,619,1.09766e+006
1,620,1.09297e+006
1,621,1.09218e+006
1,622,1.08849e+006
1,623,1.0834e+006
1,624,1.07915e+006
1,625,1.07503e+006
1,626,1.07015e+006
1,627,1.06511e+006
1,628,1.06388e+006
1,629,1.05954e+006
1,630,1.0538e+006
1,631,1.05348e+006
1,632,1.05402e+006
1,633,1.05119e+006
1,634,1.05161e+006
1,635,1.05341e+006
1,636,1.05335e+006
1,637,1.05091e+006
1,638,1.04944e+006
1,639,1.04954e+006
1,640,1.04748e+006
1,641,1.04225e+006
1,642,1.03949e+006
1,643,1.0414e+006
1,644,1.04243e+006
1,645,1.03522e+006
1,646,1.02785e+006
1,647,1.02784e+006
1,648,1.02155e+006
1,649,1.01514e+006
1,650,1.0122e+006
1,651,1.00447e+006
1,652,995536
1,653,990196
1,654,981543
1,655,970254
1,656,956003
1,657,940673
1,658,923237
1,659,907675
1,660,895452
1,661,885530
1,662,880274
1,663,877084
1,664,873661
1,665,873083
1,666,874921
1,667,874124
1,668,875820
1,669,876454
1,670,878746
1,671,879156
1,672,881057
1,673,882567
1,674,884289
1,675,884608
1,676,887491
1,677,888626
1,678,890199
1,679,892805
1,680,892559
1,681,892029
1,682,891175
1,683,889143
1,684,887114
1,685,887000
1,686,886018
1,687,886643
1,688,886628
1,689,883036
1,690,876667
1,691,869113
1,692,860457
1,693,853872
1,694,843949
1,695,834275
1,696,821997
1,697,809957
1,698,803130
1,699,795247
1,700,790043
1,701,786447
1,702,785706
1,703,781913
1,704,778705
1,705,778045
1,706,776407
1,707,775477
1,708,773294
1,709,772480
1,710,772965
1,711,773851
1,712,773090
1,713,772705
1,714,772743
1,715,773707
1,716,773045
1,717,771077
1,718,768782
1,719,768536
1,720,767106
1,721,766157
1,722,765266
1,723,764604
1,724,763881
1,725,764157
1,726,764072
1,727,762654
1,728,761644
1,729,763015
1,730,762208
1,731,759776
1,732,760187
1,733,759671
1,734,758576
1,735,759100
1,736,756493
1,737,754654
1,738,753173
1,739,752804
1,740,751159
1,741,751659
1,742,752027
1,743,751675
1,744,751421
1,745,751424
1,746,751429
1,747,751074
1,748,750449
1,749,748628
1,750,746981
1,751,746317
1,752,746972
1,753,745587
1,754,743881
1,755,743115
1,756,743434
1,757,741431
1,758,741588
1,759,741757
1,760,741501
1,761,741951
1,762,740313
1,763,741943
1,764,741603
1,765,741294
1,766,742309
1,767,741800
1,768,741921
1,769,740044
1,770,739574
1,771,740364
1,772,739744
1,773,739123
1,774,738562
1,775,737058
1,776,736300
1,777,734083
1,778,733532
1,779,732600
1,780,732393
1,781,731773
1,782,730164
1,783,730968
1,784,730012
1,785,729112
1,786,730088
1,787,731263
1,788,733151
1,789,733322
1,790,730832
1,791,731297
1,792,731448
1,793,730674
1,794,729108
1,795,729055
1,796,728681
1,797,728224
1,798,726746
1,799,726431
1,800,724541
1,801,725289
1,802,723970
1,803,724699
1,804,725950
1,805,725610
1,806,725263
1,807,724646
1,808,723632
1,809,722071
1,810,720984
1,811,719058
1,812,717019
1,813,715013
1,814,713730
1,815,712681
1,816,712615
1,817,709925
1,818,709407
1,819,707744
1,820,706991
1,821,705558
1,822,705235
1,823,704497
1,824,704465
1,825,702970
1,826,703808
1,827,702745
1,828,701360
1,829,701421
1,830,699587
1,831,698575
1,832,696968
1,833,695542
1,834,694063
1,835,692929
1,836,690848
1,837,689658
1,838,687359
1,839,686603
1,840,684233
1,841,683265
1,842,680685
1,843,678652
1,844,677394
1,845,676500
1,846,674573
1,847,674339
1,848,673789
1,849,672673
1,850,672218
1,851,671433
1,852,670408
1,853,668901
1,854,667387
1,855,665650
1,856,664851
1,857,661481
1,858,661675
1,859,660060
1,860,658974
1,861,657276
1,862,655366
1,863,654846
1,864,654945
1,865,654350
1,866,655375
1,867,654139
1,868,653502
1,869,652200
1,870,652697
1,871,650185
1,872,648758
1,873,648063
1,874,647288
1,875,646503
1,876,645986
1,877,645950
1,878,647092
1,879,645940
1,880,646385
1,881,647568
1,882,647897
1,883,648277
1,884,647819
1,885,647915
1,886,647775
1,887,646583
1,888,646087
1,889,645165
1,890,644276
1,891,642335
1,892,641859
1,893,640170
1,894,638384
1,895,637442
1,896,634842
1,897,632940
1,898,633260
1,899,632557
1,900,631781
1,901,630925
1,902,629743
1,903,629240
1,904,628194
1,905,627531
1,906,627103
1,907,627096
1,908,626478
1,909,624753
1,910,623456
1,911,623193
1,912,622528
1,913,621459
1,914,620625
1,915,620105
1,916,619909
1,917,619647
1,918,619024
1,919,618181
1,920,618193
1,921,616968
1,922,615587
1,923,614065
1,924,613209
1,925,612813
1,926,610615
1,927,611600
1,928,610985
1,929,610435
1,930,610235
1,931,610628
1,932,610836
1,933,609877
1,934,610378
1,935,610266
1,936,609829
1,937,608004
1,938,606827
1,939,606175
1,940,605752
1,941,603855
1,942,603782
1,943,602585
1,944,601893
1,945,600963
1,946,599648
1,947,599518
1,948,598918
1,949,598830
1,950,598245
1,951,598781
1,952,597680
1,953,597042
1,954,596169
1,955,593800
1,956,593417
1,957,591924
1,958,590914
1,959,591274
1,960,590210
1,961,589645
1,962,589245
1,963,587292
1,964,585889
1,965,584859
1,966,584418
1,967,584169
1,968,583902
1,969,582823
1,970,582044
1,971,581178
1,972,580232
1,973,578791
1,974,578696
1,975,577467
1,976,577310
1,977,576624
1,978,575295
1,979,575100
1,980,574422
1,981,574566
1,982,572885
1,983,572640
1,984,570233
1,985,569998
1,986,569129
1,987,568212
1,988,568092
1,989,567889
1,990,568176
1,991,567998
1,992,568023
1,993,566918
1,994,567090
1,995,567288
1,996,567272
1,997,566754
1,998,566020
1,999,565692
1,1000,565024
1,1001,565105
1,1002,565367
1,1003,564520
1,1004,564906
1,1005,565018
1,1006,565028
1,1007,564468
1,1008,563740
1,1009,564057
1,1010,563681
1,1011,563961
1,1012,563748
1,1013,564130
1,1014,564256
1,1015,564018
1,1016,564010
1,1017,562787
1,1018,561701
1,1019,562037
1,1020,562978
1,1021,563675
1,1022,564757
1,1023,566402
1,1024,566935
1,1025,567215
1,1026,566932
1,1027,567055
1,1028,566774
1,1029,566547
1,1030,566009
1,1031,566023
1,1032,566643
1,1033,565177
1,1034,564379
1,1035,562926
1,1036,562031
1,1037,562731
1,1038,562565
1,1039,561709
1,1040,562602
1,1041,562881
1,1042,563620
1,1043,563305
1,1044,562133
1,1045,562816
1,1046,562093
1,1047,561646
1,1048,560529
1,1049,560871
1,1050,560848
1,1051,559999
1,1052,560723
1,1053,560864
1,1054,560804
1,1055,560350
1,1056,560195
1,1057,560760
1,1058,560596
1,1059,561042
1,1060,560462
1,1061,560672
1,1062,559547
1,1063,560357
1,1064,560530
1,1065,559454
1,1066,559451
1,1067,557334
1,1068,558200
1,1069,556879
1,1070,556592
1,1071,556379
1,1072,555031
1,1073,554597
1,1074,554499
1,1075,552734
1,1076,552454
1,1077,553453
1,1078,552870
1,1079,551972
1,1080,550790
1,1081,549111
1,1082,548130
1,1083,546210
1,1084,545912
1,1085,544755
1,1086,543349
1,1087,542776
1,1088,541116
1,1089,540106
1,1090,538445
1,1091,536614
1,1092,535015
1,1093,533458
1,1094,531639
1,1095,530495
1,1096,529301
1,1097,528996
1,1098,528330
1,1099,527590
1,1100,526749
1,1101,524680
1,1102,524528
1,1103,523396
1,1104,522408
1,1105,522077
1,1106,520901
1,1107,520794
1,1108,520802
1,1109,521007
1,1110,521497
1,1111,521653
1,1112,520414
1,1113,519681
1,1114,519129
1,1115,519576
1,1116,518391
1,1117,517591
1,1118,516869
1,1119,515915
1,1120,515658
1,1121,513042
1,1122,511830
1,1123,510790
1,1124,508947
1,1125,507338
1,1126,505919
1,1127,505233
1,1128,503886
1,1129,501738
1,1130,501315
1,1131,500080
1,1132,498710
1,1133,497054
1,1134,495525
1,1135,493526
1,1136,492412
1,1137,491439
1,1138,489469
1,1139,489092
1,1140,486836
1,1141,485835
1,1142,484206
1,1143,481992
1,1144,480527
1,1145,478787
1,1146,478050
1,1147,476256
1,1148,474554
1,1149,473608
1,1150,472110
1,1151,470724
1,1152,470618
1,1153,469271
1,1154,467698
1,1155,467764
1,1156,465841
1,1157,464689
1,1158,463874
1,1159,463660
1,1160,463101
1,1161,462364
1,1162,462711
1,1163,462349
1,1164,461230
1,1165,460918
1,1166,459937
1,1167,459347
1,1168,458825
1,1169,458412
1,1170,457911
1,1171,457682
1,1172,457540
1,1173,457091
1,1174,456841
1,1175,456457
1,1176,456596
1,1177,455595
1,1178,454936
1,1179,454571
1,1180,453612
1,1181,453077
1,1182,452332
1,1183,452007
1,1184,451776
1,1185,451819
1,1186,452188
1,1187,451245
1,1188,450112
1,1189,449492
1,1190,448075
1,1191,447779
1,1192,447837
1,1193,446823
1,1194,446150
1,1195,445814
1,1196,444676
1,1197,444048
1,1198,442820
1,1199,442042
1,1200,441326
1,1201,440909
1,1202,441145
1,1203,439567
1,1204,439532
1,1205,439001
1,1206,439860
1,1207,440339
1,1208,440238
1,1209,440543
1,1210,439203
1,1211,439224
1,1212,438891
1,1213,437589
1,1214,438170
1,1215,437837
1,1216,438337
1,1217,438835
1,1218,439255
1,1219,439544
1,1220,440069
1,1221,438680
1,1222,438491
1,1223,438656
1,1224,438952
1,1225,438963
1,1226,439483
1,1227,439389
1,1228,439514
1,1229,439274
1,1230,438581
1,1231,438617
1,1232,437898
1,1233,438121
1,1234,437857
1,1235,437389
1,1236,438606
1,1237,438033
1,1238,437766
1,1239,437457
1,1240,437151
1,1241,437351
1,1242,436521
1,1243,435750
1,1244,435109
1,1245,434791
1,1246,433978
1,1247,432782
1,1248,431605
1,1249,430783
1,1250,430085
1,1251,429728
1,1252,429085
1,1253,428275
1,1254,428034
1,1255,426605
1,1256,425681
1,1257,425107
1,1258,425100
1,1259,423987
1,1260,423312
1,1261,422663
1,1262,421744
1,1263,421076
1,1264,420201
1,1265,419836
1,1266,419717
1,1267,419118
1,1268,419366
1,1269,418552
1,1270,418810
1,1271,418622
1,1272,418457
1,1273,417843
1,1274,417550
1,1275,417313
1,1276,417354
1,1277,417343
1,1278,417197
1,1279,417646
1,1280,417724
1,1281,418180
1,1282,418185
1,1283,419153
1,1284,418918
1,1285,418634
1,1286,418825
1,1287,418470
1,1288,418685
1,1289,419329
1,1290,419100
1,1291,419795
1,1292,419341
1,1293,420321
1,1294,420018
1,1295,420494
1,1296,420650
1,1297,420404
1,1298,420640
1,1299,421844
1,1300,422208
1,1301,421435
1,1302,422500
1,1303,421928
1,1304,421958
1,1305,423202
1,1306,424242
1,1307,423993
1,1308,425465
1,1309,426073
1,1310,428509
1,1311,429974
1,1312,431548
1,1313,431859
1,1314,430178
1,1315,428612
1,1316,428852
1,1317,430021
1,1318,431219
1,1319,431575
1,1320,430511
1,1321,428302
1,1322,427080
1,1323,426147
1,1324,423717
1,1325,421827
1,1326,420705
1,1327,419996
1,1328,419863
1,1329,419216
1,1330,418261
1,1331,417580
1,1332,416508
1,1333,416104
1,1334,416196
1,1335,416056
1,1336,415360
1,1337,414831
1,1338,413672
1,1339,411937
1,1340,455134
