1,1,147428
1,2,147415
1,3,147468
1,4,147540
1,5,147606
1,6,147594
1,7,147694
1,8,147699
1,9,147963
1,10,147970
1,11,147863
1,12,147877
1,13,148086
1,14,148045
1,15,148143
1,16,148203
1,17,148259
1,18,148438
1,19,148436
1,20,148513
1,21,148479
1,22,148801
1,23,149034
1,24,149245
1,25,149242
1,26,149450
1,27,149479
1,28,149774
1,29,149813
1,30,149746
1,31,149909
1,32,149976
1,33,150022
1,34,150300
1,35,150458
1,36,150590
1,37,150738
1,38,150861
1,39,150937
1,40,150944
1,41,151234
1,42,151390
1,43,151465
1,44,151663
1,45,152034
1,46,152106
1,47,152275
1,48,152226
1,49,152404
1,50,152624
1,51,153014
1,52,152844
1,53,152904
1,54,152909
1,55,153142
1,56,153468
1,57,153474
1,58,153536
1,59,153687
1,60,153955
1,61,154265
1,62,154282
1,63,154229
1,64,154450
1,65,154646
1,66,154912
1,67,155138
1,68,155157
1,69,155546
1,70,155868
1,71,156427
1,72,156901
1,73,157451
1,74,158393
1,75,159075
1,76,160199
1,77,161027
1,78,161556
1,79,162810
1,80,163061
1,81,162566
1,82,162279
1,83,161744
1,84,161360
1,85,161150
1,86,161572
1,87,162092
1,88,162590
1,89,163266
1,90,164114
1,91,165314
1,92,166771
1,93,169232
1,94,172767
1,95,177241
1,96,183669
1,97,192736
1,98,205092
1,99,219155
1,100,234317
1,101,248747
1,102,261746
1,103,275218
1,104,288024
1,105,303689
1,106,318778
1,107,331893
1,108,339567
1,109,344078
1,110,345501
1,111,345757
1,112,347173
1,113,347230
1,114,347848
1,115,349626
1,116,349962
1,117,348973
1,118,349316
1,119,347873
1,120,346477
1,121,346269
1,122,346201
1,123,343602
1,124,340416
1,125,337963
1,126,335205
1,127,333089
1,128,328322
1,129,322070
1,130,316894
1,131,312329
1,132,309267
1,133,307028
1,134,304840
1,135,302564
1,136,300099
1,137,298559
1,138,296684
1,139,294381
1,140,293876
1,141,294926
1,142,296681
1,143,299691
1,144,302932
1,145,305733
1,146,308520
1,147,310786
1,148,315265
1,149,320558
1,150,326874
1,151,334400
1,152,344779
1,153,356144
1,154,367215
1,155,376861
1,156,387300
1,157,402463
1,158,414029
1,159,427245
1,160,441941
1,161,458840
1,162,475201
1,163,493086
1,164,513597
1,165,532798
1,166,554315
1,167,575449
1,168,602733
1,169,634347
1,170,668729
1,171,712633
1,172,767420
1,173,827571
1,174,899434
1,175,1.00007e+006
1,176,1.12605e+006
1,177,1.25453e+006
1,178,1.4231e+006
1,179,1.69517e+006
1,180,2.10187e+006
1,181,2.62889e+006
1,182,3.33855e+006
1,183,4.47085e+006
1,184,6.55655e+006
1,185,7.88332e+006
1,186,8.64378e+006
1,187,9.39169e+006
1,188,1.03939e+007
1,189,1.13804e+007
1,190,1.2017e+007
1,191,1.25106e+007
1,192,1.3107e+007
1,193,1.3107e+007
1,194,1.3107e+007
1,195,1.3107e+007
1,196,1.3107e+007
1,197,1.3107e+007
1,198,1.3107e+007
1,199,1.3107e+007
1,200,1.3107e+007
1,201,1.3107e+007
1,202,1.3107e+007
1,203,1.3107e+007
1,204,1.3107e+007
1,205,1.31026e+007
1,206,1.25463e+007
1,207,1.14076e+007
1,208,9.64207e+006
1,209,8.41776e+006
1,210,7.0673e+006
1,211,5.69405e+006
1,212,4.66307e+006
1,213,3.64911e+006
1,214,2.9211e+006
1,215,2.47284e+006
1,216,2.13352e+006
1,217,1.88059e+006
1,218,1.75687e+006
1,219,1.68185e+006
1,220,1.66188e+006
1,221,1.70712e+006
1,222,1.78736e+006
1,223,1.85569e+006
1,224,1.85941e+006
1,225,1.86371e+006
1,226,1.82734e+006
1,227,1.71569e+006
1,228,1.54229e+006
1,229,1.42372e+006
1,230,1.29992e+006
1,231,1.1896e+006
1,232,1.10072e+006
1,233,1.07317e+006
1,234,1.07852e+006
1,235,1.09418e+006
1,236,1.09925e+006
1,237,1.09845e+006
1,238,1.09892e+006
1,239,1.0969e+006
1,240,1.08877e+006
1,241,1.06232e+006
1,242,1.03479e+006
1,243,1.00777e+006
1,244,981750
1,245,959996
1,246,953622
1,247,963488
1,248,987962
1,249,1.02199e+006
1,250,1.05398e+006
1,251,1.08958e+006
1,252,1.11566e+006
1,253,1.11833e+006
1,254,1.09469e+006
1,255,1.04876e+006
1,256,1.0009e+006
1,257,955237
1,258,913319
1,259,873634
1,260,848129
1,261,838138
1,262,828660
1,263,813076
1,264,789500
1,265,758299
1,266,728084
1,267,706402
1,268,699828
1,269,702474
1,270,706777
1,271,715834
1,272,720725
1,273,719626
1,274,713617
1,275,703012
1,276,690158
1,277,673271
1,278,653254
1,279,626317
1,280,601688
1,281,579231
1,282,568471
1,283,566000
1,284,572194
1,285,587626
1,286,608444
1,287,628831
1,288,647592
1,289,666744
1,290,686322
1,291,704176
1,292,729833
1,293,765429
1,294,803931
1,295,828609
1,296,849201
1,297,877165
1,298,897334
1,299,904977
1,300,907187
1,301,891800
1,302,845809
1,303,793830
1,304,756550
1,305,724451
1,306,685875
1,307,658512
1,308,639749
1,309,621122
1,310,606879
1,311,601129
1,312,608361
1,313,623783
1,314,639809
1,315,653230
1,316,659162
1,317,663102
1,318,666224
1,319,668663
1,320,664068
1,321,662656
1,322,666004
1,323,682580
1,324,697155
1,325,706171
1,326,716500
1,327,735823
1,328,760636
1,329,785024
1,330,818567
1,331,858306
1,332,901882
1,333,937586
1,334,965909
1,335,971493
1,336,962852
1,337,947050
1,338,931807
1,339,907683
1,340,880867
1,341,843679
1,342,795506
1,343,743827
1,344,706057
1,345,677073
1,346,650276
1,347,619311
1,348,587213
1,349,556912
1,350,531045
1,351,507363
1,352,482707
1,353,462792
1,354,446467
1,355,433955
1,356,423054
1,357,410760
1,358,398609
1,359,386348
1,360,376246
1,361,366467
1,362,359906
1,363,356896
1,364,355011
1,365,353321
1,366,352179
1,367,352067
1,368,352430
1,369,352047
1,370,351576
1,371,350078
1,372,347948
1,373,346689
1,374,345930
1,375,344461
1,376,344189
1,377,343534
1,378,343419
1,379,342785
1,380,341226
1,381,338612
1,382,336913
1,383,335287
1,384,337848
1,385,342558
1,386,348594
1,387,353797
1,388,361123
1,389,370730
1,390,380935
1,391,386281
1,392,383393
1,393,380171
1,394,374625
1,395,362386
1,396,346077
1,397,339411
1,398,336147
1,399,332275
1,400,327789
1,401,322850
1,402,321503
1,403,321260
1,404,319211
1,405,316326
1,406,313988
1,407,313006
1,408,310896
1,409,310624
1,410,311868
1,411,311877
1,412,311461
1,413,309426
1,414,307194
1,415,304902
1,416,303568
1,417,300964
1,418,300045
1,419,301438
1,420,302845
1,421,302941
1,422,301449
1,423,300282
1,424,300881
1,425,300962
1,426,302582
1,427,308441
1,428,313033
1,429,316041
1,430,316541
1,431,315567
1,432,314137
1,433,313902
1,434,315359
1,435,318347
1,436,321166
1,437,323375
1,438,324439
1,439,325436
1,440,325764
1,441,325703
1,442,327103
1,443,327947
1,444,330696
1,445,331499
1,446,331809
1,447,332104
1,448,330110
1,449,327471
1,450,326062
1,451,325743
1,452,327160
1,453,329747
1,454,332237
1,455,330151
1,456,326423
1,457,321539
1,458,318566
1,459,320457
1,460,326618
1,461,332273
1,462,334625
1,463,330819
1,464,322808
1,465,317305
1,466,317438
1,467,321199
1,468,324800
1,469,325885
1,470,322785
1,471,318737
1,472,315557
1,473,314200
1,474,313785
1,475,313725
1,476,312801
1,477,310687
1,478,306261
1,479,302019
1,480,298900
1,481,297073
1,482,294711
1,483,293162
1,484,294650
1,485,292711
1,486,290110
1,487,284364
1,488,279576
1,489,282317
1,490,285989
1,491,285471
1,492,278325
1,493,264751
1,494,251542
1,495,241267
1,496,233464
1,497,227720
1,498,222968
1,499,218327
1,500,216062
1,501,215091
1,502,215267
1,503,217846
1,504,219695
1,505,220533
1,506,218903
1,507,216972
1,508,216703
1,509,218091
1,510,219819
1,511,220178
1,512,218677
1,513,216388
1,514,215226
1,515,216626
1,516,220275
1,517,223653
1,518,224897
1,519,225963
1,520,227957
1,521,232115
1,522,237725
1,523,240017
1,524,227339
1,525,210341
1,526,204192
1,527,193211
1,528,188801
1,529,188183
1,530,189161
1,531,189692
1,532,190777
1,533,192589
1,534,202279
1,535,210039
1,536,204374
1,537,205143
1,538,209046
1,539,202762
1,540,207225
1,541,221997
1,542,222020
1,543,216785
1,544,204562
1,545,201902
1,546,197659
1,547,193191
1,548,192616
1,549,189865
1,550,190801
1,551,192096
1,552,190623
1,553,187672
1,554,184339
1,555,183300
1,556,181946
1,557,181178
1,558,181237
1,559,180442
1,560,180815
1,561,181529
1,562,181560
1,563,181493
1,564,181488
1,565,181779
1,566,181767
1,567,182162
1,568,182520
1,569,183430
1,570,184894
1,571,186084
1,572,187541
1,573,189066
1,574,189845
1,575,190703
1,576,191609
1,577,192207
1,578,193124
1,579,193430
1,580,193600
1,581,193888
1,582,193980
1,583,193877
1,584,193864
1,585,192898
1,586,191550
1,587,189800
1,588,187807
1,589,186197
1,590,184188
1,591,182380
1,592,180603
1,593,179320
1,594,178759
1,595,177810
1,596,176865
1,597,176659
1,598,176421
1,599,176225
1,600,176182
1,601,175995
1,602,175839
1,603,175476
1,604,175517
1,605,175430
1,606,175183
1,607,174782
1,608,174683
1,609,174692
1,610,174655
1,611,174397
1,612,174144
1,613,174026
1,614,173833
1,615,173470
1,616,173542
1,617,173222
1,618,173257
1,619,172853
1,620,172678
1,621,172708
1,622,172629
1,623,172242
1,624,172495
1,625,172316
1,626,172122
1,627,171778
1,628,171753
1,629,171221
1,630,171259
1,631,171230
1,632,171181
1,633,171010
1,634,171208
1,635,171081
1,636,170953
1,637,170545
1,638,170325
1,639,170352
1,640,170074
1,641,169817
1,642,169791
1,643,169676
1,644,169702
1,645,169390
1,646,169221
1,647,169011
1,648,168791
1,649,168693
1,650,168649
1,651,168490
1,652,168117
1,653,167991
1,654,168131
1,655,167782
1,656,167494
1,657,166724
1,658,166210
1,659,165868
1,660,165341
1,661,164743
1,662,165118
1,663,164811
1,664,164490
1,665,164255
1,666,164270
1,667,164427
1,668,164371
1,669,164246
1,670,164011
1,671,164109
1,672,164116
1,673,164299
1,674,164298
1,675,164350
1,676,164512
1,677,164590
1,678,164433
1,679,164371
1,680,164224
1,681,164751
1,682,164247
1,683,164255
1,684,164022
1,685,164190
1,686,164212
1,687,164372
1,688,164279
1,689,164125
1,690,163906
1,691,163664
1,692,163691
1,693,163263
1,694,163410
1,695,163041
1,696,162806
1,697,162478
1,698,162331
1,699,162283
1,700,161893
1,701,161717
1,702,161485
1,703,161543
1,704,161511
1,705,161625
1,706,161619
1,707,161352
1,708,161249
1,709,161441
1,710,161363
1,711,161475
1,712,161218
1,713,161491
1,714,161341
1,715,161336
1,716,161376
1,717,161383
1,718,161296
1,719,161200
1,720,161079
1,721,160926
1,722,160955
1,723,161085
1,724,160963
1,725,161232
1,726,161269
1,727,161318
1,728,161138
1,729,160986
1,730,160967
1,731,160795
1,732,160805
1,733,161125
1,734,160975
1,735,160929
1,736,160627
1,737,160514
1,738,160720
1,739,160533
1,740,160337
1,741,160633
1,742,160570
1,743,160417
1,744,160335
1,745,160413
1,746,160431
1,747,160195
1,748,160485
1,749,160362
1,750,160270
1,751,160181
1,752,159992
1,753,160021
1,754,160141
1,755,160072
1,756,159893
1,757,159842
1,758,160050
1,759,160235
1,760,159833
1,761,160108
1,762,160023
1,763,159866
1,764,159770
1,765,159870
1,766,159847
1,767,159826
1,768,159809
1,769,159689
1,770,159667
1,771,159567
1,772,159596
1,773,159538
1,774,159605
1,775,159627
1,776,159488
1,777,159575
1,778,159382
1,779,159275
1,780,159500
1,781,159356
1,782,159428
1,783,159435
1,784,159325
1,785,159633
1,786,159318
1,787,159305
1,788,159537
1,789,159447
1,790,159563
1,791,159516
1,792,159767
1,793,159527
1,794,159267
1,795,159318
1,796,159195
1,797,159257
1,798,159412
1,799,158999
1,800,159100
1,801,159267
1,802,159045
1,803,159108
1,804,159235
1,805,159121
1,806,159389
1,807,159450
1,808,159260
1,809,159099
1,810,159128
1,811,159196
1,812,158956
1,813,159240
1,814,159208
1,815,159056
1,816,158984
1,817,158850
1,818,158917
1,819,158925
1,820,158762
1,821,158849
1,822,158661
1,823,158528
1,824,158763
1,825,158656
1,826,158748
1,827,158917
1,828,158736
1,829,158544
1,830,158739
1,831,158658
1,832,158685
1,833,158458
1,834,158546
1,835,158237
1,836,158410
1,837,158499
1,838,158300
1,839,158397
1,840,158341
1,841,157896
1,842,158239
1,843,158025
1,844,158049
1,845,157860
1,846,157848
1,847,157646
1,848,157829
1,849,157861
1,850,157807
1,851,157611
1,852,157573
1,853,157737
1,854,157432
1,855,157296
1,856,157462
1,857,157431
1,858,157220
1,859,157270
1,860,157083
1,861,157230
1,862,157151
1,863,157174
1,864,157179
1,865,157276
1,866,157289
1,867,157319
1,868,157117
1,869,156821
1,870,156912
1,871,156976
1,872,156913
1,873,156990
1,874,156537
1,875,156784
1,876,156697
1,877,156553
1,878,156735
1,879,156738
1,880,156742
1,881,156998
1,882,156807
1,883,157037
1,884,156923
1,885,156957
1,886,156902
1,887,157095
1,888,156776
1,889,156923
1,890,156762
1,891,156670
1,892,156714
1,893,156541
1,894,156476
1,895,156464
1,896,156526
1,897,156288
1,898,156420
1,899,156254
1,900,156288
1,901,156407
1,902,156348
1,903,156306
1,904,156280
1,905,156299
1,906,156369
1,907,156061
1,908,156230
1,909,156500
1,910,156238
1,911,156250
1,912,156212
1,913,155982
1,914,155979
1,915,155973
1,916,156018
1,917,156016
1,918,155846
1,919,155932
1,920,156139
1,921,156045
1,922,156091
1,923,155793
1,924,155841
1,925,155731
1,926,155512
1,927,155722
1,928,155876
1,929,155708
1,930,155643
1,931,155662
1,932,155604
1,933,155641
1,934,155650
1,935,155719
1,936,155650
1,937,155602
1,938,155657
1,939,155747
1,940,155589
1,941,155434
1,942,155375
1,943,155384
1,944,155408
1,945,155402
1,946,155456
1,947,155408
1,948,155366
1,949,155508
1,950,155440
1,951,155317
1,952,155387
1,953,155161
1,954,155158
1,955,154904
1,956,155143
1,957,155095
1,958,155085
1,959,155133
1,960,155179
1,961,155115
1,962,155028
1,963,155083
1,964,154784
1,965,154777
1,966,154718
1,967,154714
1,968,154615
1,969,154642
1,970,154595
1,971,154577
1,972,154715
1,973,154740
1,974,154509
1,975,154394
1,976,154466
1,977,154594
1,978,154436
1,979,154393
1,980,154517
1,981,154442
1,982,154374
1,983,154472
1,984,154360
1,985,154229
1,986,154226
1,987,154336
1,988,154404
1,989,154378
1,990,154374
1,991,154316
1,992,154314
1,993,154212
1,994,154347
1,995,154235
1,996,154305
1,997,154216
1,998,154197
1,999,154141
1,1000,154357
1,1001,154101
1,1002,154153
1,1003,154121
1,1004,153821
1,1005,154116
1,1006,154153
1,1007,154036
1,1008,153942
1,1009,153912
1,1010,153922
1,1011,154059
1,1012,153948
1,1013,154100
1,1014,154002
1,1015,153903
1,1016,153855
1,1017,154138
1,1018,153877
1,1019,153814
1,1020,153970
1,1021,153960
1,1022,153941
1,1023,154040
1,1024,154052
1,1025,153988
1,1026,154222
1,1027,154029
1,1028,153957
1,1029,153948
1,1030,154051
1,1031,154041
1,1032,154138
1,1033,153968
1,1034,153982
1,1035,154068
1,1036,153805
1,1037,154007
1,1038,153937
1,1039,153806
1,1040,154032
1,1041,153990
1,1042,153821
1,1043,153755
1,1044,153678
1,1045,153770
1,1046,153766
1,1047,153874
1,1048,153645
1,1049,153551
1,1050,153743
1,1051,153699
1,1052,153767
1,1053,153673
1,1054,153578
1,1055,153708
1,1056,153675
1,1057,153673
1,1058,153495
1,1059,153655
1,1060,153677
1,1061,153720
1,1062,153715
1,1063,153592
1,1064,153693
1,1065,153575
1,1066,153519
1,1067,153619
1,1068,153530
1,1069,153479
1,1070,153472
1,1071,153381
1,1072,153331
1,1073,153432
1,1074,153449
1,1075,153500
1,1076,153296
1,1077,153372
1,1078,153354
1,1079,153198
1,1080,153187
1,1081,153148
1,1082,153274
1,1083,153143
1,1084,153241
1,1085,153051
1,1086,152921
1,1087,152987
1,1088,152780
1,1089,152867
1,1090,152809
1,1091,152874
1,1092,152872
1,1093,152702
1,1094,152543
1,1095,152777
1,1096,152625
1,1097,152655
1,1098,152579
1,1099,152658
1,1100,152605
1,1101,152398
1,1102,152421
1,1103,152404
1,1104,152403
1,1105,152431
1,1106,152312
1,1107,152293
1,1108,152329
1,1109,152213
1,1110,152351
1,1111,152234
1,1112,152153
1,1113,152151
1,1114,152139
1,1115,152264
1,1116,152197
1,1117,152072
1,1118,152114
1,1119,151855
1,1120,151999
1,1121,151949
1,1122,151972
1,1123,151678
1,1124,151776
1,1125,151721
1,1126,151794
1,1127,151564
1,1128,151583
1,1129,151705
1,1130,151764
1,1131,151649
1,1132,151571
1,1133,151539
1,1134,151598
1,1135,151378
1,1136,151339
1,1137,151283
1,1138,151321
1,1139,151517
1,1140,151335
1,1141,151384
1,1142,151102
1,1143,151178
1,1144,151100
1,1145,151139
1,1146,151093
1,1147,151077
1,1148,150955
1,1149,150805
1,1150,150971
1,1151,150913
1,1152,150824
1,1153,150882
1,1154,150758
1,1155,150636
1,1156,150487
1,1157,150489
1,1158,150540
1,1159,150675
1,1160,150499
1,1161,150534
1,1162,150455
1,1163,150549
1,1164,150451
1,1165,150310
1,1166,150326
1,1167,150390
1,1168,150284
1,1169,150314
1,1170,150233
1,1171,150351
1,1172,150273
1,1173,150241
1,1174,150177
1,1175,150343
1,1176,150285
1,1177,150184
1,1178,150228
1,1179,150126
1,1180,150141
1,1181,150022
1,1182,150238
1,1183,150015
1,1184,150098
1,1185,150384
1,1186,150197
1,1187,150067
1,1188,150069
1,1189,149906
1,1190,149905
1,1191,149891
1,1192,149913
1,1193,149823
1,1194,149858
1,1195,149615
1,1196,149622
1,1197,149766
1,1198,149768
1,1199,149653
1,1200,149596
1,1201,149646
1,1202,149689
1,1203,149590
1,1204,149429
1,1205,149606
1,1206,149484
1,1207,149371
1,1208,149576
1,1209,149612
1,1210,149611
1,1211,149491
1,1212,149449
1,1213,149463
1,1214,149485
1,1215,149454
1,1216,149486
1,1217,149506
1,1218,149576
1,1219,149590
1,1220,149616
1,1221,149607
1,1222,149485
1,1223,149624
1,1224,149699
1,1225,149763
1,1226,149648
1,1227,149687
1,1228,149709
1,1229,149727
1,1230,149480
1,1231,149653
1,1232,149643
1,1233,149750
1,1234,149638
1,1235,149603
1,1236,149582
1,1237,149728
1,1238,149611
1,1239,149683
1,1240,149568
1,1241,149656
1,1242,149538
1,1243,149424
1,1244,149524
1,1245,149484
1,1246,149437
1,1247,149378
1,1248,149327
1,1249,149283
1,1250,149211
1,1251,149311
1,1252,149185
1,1253,149392
1,1254,149300
1,1255,149044
1,1256,149002
1,1257,149139
1,1258,149104
1,1259,148882
1,1260,148823
1,1261,148872
1,1262,149084
1,1263,148817
1,1264,148905
1,1265,148949
1,1266,148918
1,1267,149019
1,1268,148823
1,1269,148829
1,1270,148718
1,1271,148806
1,1272,148741
1,1273,148645
1,1274,148710
1,1275,148685
1,1276,148600
1,1277,148848
1,1278,148701
1,1279,148725
1,1280,148698
1,1281,148600
1,1282,148649
1,1283,148677
1,1284,148827
1,1285,148834
1,1286,148819
1,1287,148682
1,1288,148641
1,1289,148817
1,1290,148764
1,1291,148625
1,1292,148658
1,1293,148751
1,1294,148692
1,1295,148598
1,1296,148661
1,1297,148667
1,1298,148701
1,1299,148679
1,1300,148514
1,1301,148685
1,1302,148623
1,1303,148447
1,1304,148638
1,1305,148678
1,1306,148521
1,1307,148657
1,1308,148740
1,1309,148618
1,1310,148684
1,1311,148810
1,1312,148527
1,1313,148736
1,1314,148669
1,1315,148400
1,1316,148677
1,1317,148602
1,1318,148575
1,1319,148780
1,1320,148758
1,1321,148554
1,1322,148673
1,1323,148692
1,1324,148432
1,1325,148519
1,1326,148494
1,1327,148408
1,1328,148542
1,1329,148369
1,1330,148320
1,1331,148349
1,1332,148342
1,1333,148197
1,1334,148170
1,1335,148071
1,1336,148034
1,1337,147924
1,1338,147789
1,1339,146959
1,1340,169420
