1,1,73655
1,2,73656
1,3,73758
1,4,73715
1,5,73788
1,6,73810
1,7,73832
1,8,73950
1,9,73903
1,10,73847
1,11,73888
1,12,73988
1,13,74035
1,14,73987
1,15,74021
1,16,74122
1,17,74001
1,18,74193
1,19,74084
1,20,74152
1,21,74241
1,22,74257
1,23,74349
1,24,74410
1,25,74386
1,26,74375
1,27,74438
1,28,74451
1,29,74458
1,30,74511
1,31,74534
1,32,74584
1,33,74702
1,34,74564
1,35,74680
1,36,74690
1,37,74704
1,38,74729
1,39,74816
1,40,74902
1,41,74931
1,42,74898
1,43,74953
1,44,75022
1,45,75045
1,46,75132
1,47,75110
1,48,75025
1,49,75148
1,50,75156
1,51,75343
1,52,75275
1,53,75280
1,54,75273
1,55,75300
1,56,75434
1,57,75408
1,58,75425
1,59,75413
1,60,75558
1,61,75647
1,62,75568
1,63,75623
1,64,75812
1,65,75747
1,66,75838
1,67,75822
1,68,75801
1,69,75964
1,70,75831
1,71,75879
1,72,75930
1,73,76107
1,74,76195
1,75,76178
1,76,76258
1,77,76248
1,78,76307
1,79,76434
1,80,76282
1,81,76474
1,82,76451
1,83,76582
1,84,76627
1,85,76712
1,86,76782
1,87,76691
1,88,76976
1,89,77076
1,90,77107
1,91,77355
1,92,77830
1,93,78434
1,94,79225
1,95,80160
1,96,80770
1,97,81161
1,98,81335
1,99,81205
1,100,81107
1,101,80974
1,102,81163
1,103,81179
1,104,81161
1,105,80826
1,106,80511
1,107,79970
1,108,79340
1,109,78948
1,110,78477
1,111,78254
1,112,78118
1,113,78221
1,114,77983
1,115,78109
1,116,78174
1,117,78228
1,118,78273
1,119,78294
1,120,78366
1,121,78407
1,122,78566
1,123,78377
1,124,78545
1,125,78552
1,126,78706
1,127,78801
1,128,78830
1,129,78862
1,130,78854
1,131,78879
1,132,79001
1,133,79061
1,134,79169
1,135,79019
1,136,79105
1,137,79072
1,138,79227
1,139,79472
1,140,79475
1,141,79366
1,142,79502
1,143,79456
1,144,79612
1,145,79661
1,146,79802
1,147,79780
1,148,79779
1,149,80030
1,150,80008
1,151,80117
1,152,80074
1,153,80036
1,154,79971
1,155,80353
1,156,80275
1,157,80411
1,158,80421
1,159,80410
1,160,80478
1,161,80696
1,162,80616
1,163,80727
1,164,80668
1,165,80836
1,166,80758
1,167,80960
1,168,81028
1,169,81057
1,170,81145
1,171,81082
1,172,81007
1,173,81245
1,174,81224
1,175,81255
1,176,81329
1,177,81430
1,178,81455
1,179,81395
1,180,81583
1,181,81440
1,182,81541
1,183,81720
1,184,81649
1,185,81704
1,186,81664
1,187,81628
1,188,81461
1,189,81016
1,190,80707
1,191,80526
1,192,80117
1,193,79569
1,194,79150
1,195,78634
1,196,77934
1,197,77168
1,198,76667
1,199,76123
1,200,75585
1,201,75181
1,202,74998
1,203,74656
1,204,74225
1,205,74098
1,206,74114
1,207,73939
1,208,73842
1,209,73749
1,210,73613
1,211,73702
1,212,73681
1,213,73641
1,214,73657
1,215,73550
1,216,73739
1,217,73629
1,218,73657
1,219,73567
1,220,73605
1,221,73702
1,222,73555
1,223,73633
1,224,73578
1,225,73608
1,226,73676
1,227,73618
1,228,73618
1,229,73567
1,230,73678
1,231,73688
1,232,73617
1,233,73542
1,234,73589
1,235,73641
1,236,73618
1,237,73591
1,238,73700
1,239,73646
1,240,73581
1,241,73715
1,242,73602
1,243,73620
1,244,73710
1,245,73748
1,246,73639
1,247,73705
1,248,73629
1,249,73664
1,250,73625
1,251,73716
1,252,73618
1,253,73640
1,254,73612
1,255,73552
1,256,73709
1,257,73652
1,258,73640
1,259,73699
1,260,73639
1,261,73569
1,262,73649
1,263,73629
1,264,73682
1,265,73582
1,266,73697
1,267,73684
1,268,73689
1,269,73829
1,270,73732
1,271,73604
1,272,73658
1,273,73649
1,274,73735
1,275,73670
1,276,73653
1,277,73683
1,278,73653
1,279,73742
1,280,73689
1,281,73761
1,282,73839
1,283,73715
1,284,73739
1,285,73686
1,286,73688
1,287,73832
1,288,73723
1,289,73811
1,290,73729
1,291,73714
1,292,73786
1,293,73831
1,294,73825
1,295,73769
1,296,73762
1,297,73760
1,298,73780
1,299,73836
1,300,73799
1,301,73975
1,302,73964
1,303,74039
1,304,73885
1,305,73988
1,306,74214
1,307,74463
1,308,74604
1,309,74620
1,310,74738
1,311,74983
1,312,75187
1,313,75560
1,314,75879
1,315,76033
1,316,76322
1,317,76696
1,318,76924
1,319,77195
1,320,77426
1,321,77850
1,322,78279
1,323,78909
1,324,79335
1,325,79965
1,326,80256
1,327,80711
1,328,80794
1,329,80980
1,330,81496
1,331,81717
1,332,82200
1,333,82797
1,334,83517
1,335,83900
1,336,84215
1,337,84355
1,338,84329
1,339,84531
1,340,84611
1,341,85019
1,342,85507
1,343,85960
1,344,86543
1,345,87121
1,346,86932
1,347,86998
1,348,87108
1,349,87087
1,350,87483
1,351,87756
1,352,88061
1,353,88345
1,354,88980
1,355,89124
1,356,89255
1,357,89315
1,358,89440
1,359,89376
1,360,89519
1,361,89738
1,362,90148
1,363,90552
1,364,90899
1,365,91038
1,366,91160
1,367,91222
1,368,91225
1,369,91399
1,370,91443
1,371,91591
1,372,91811
1,373,92325
1,374,92389
1,375,92785
1,376,92739
1,377,92767
1,378,93136
1,379,92890
1,380,93026
1,381,93150
1,382,93379
1,383,93632
1,384,93628
1,385,94089
1,386,94045
1,387,93937
1,388,94210
1,389,94069
1,390,94273
1,391,94434
1,392,94386
1,393,94713
1,394,94721
1,395,94979
1,396,95134
1,397,95073
1,398,95189
1,399,95544
1,400,95056
1,401,95524
1,402,95435
1,403,95880
1,404,95626
1,405,96047
1,406,95782
1,407,95844
1,408,96177
1,409,95959
1,410,96139
1,411,96533
1,412,96391
1,413,96342
1,414,96463
1,415,96632
1,416,96819
1,417,96613
1,418,96655
1,419,96988
1,420,97131
1,421,97020
1,422,97147
1,423,97128
1,424,97134
1,425,97245
1,426,97507
1,427,97586
1,428,97432
1,429,97490
1,430,97542
1,431,97350
1,432,97873
1,433,97806
1,434,97922
1,435,97805
1,436,98068
1,437,98045
1,438,98018
1,439,98319
1,440,98191
1,441,98246
1,442,98258
1,443,98310
1,444,98664
1,445,98383
1,446,98640
1,447,98570
1,448,98661
1,449,98876
1,450,98645
1,451,98948
1,452,98963
1,453,99066
1,454,99065
1,455,99171
1,456,99438
1,457,99223
1,458,99454
1,459,99601
1,460,99429
1,461,99620
1,462,99827
1,463,99620
1,464,99913
1,465,100096
1,466,99733
1,467,100183
1,468,100265
1,469,100090
1,470,100325
1,471,100353
1,472,100466
1,473,100493
1,474,100710
1,475,100452
1,476,100829
1,477,100778
1,478,100846
1,479,100823
1,480,100963
1,481,101002
1,482,101409
1,483,101292
1,484,101151
1,485,101354
1,486,101416
1,487,101606
1,488,101251
1,489,101493
1,490,101526
1,491,101607
1,492,101900
1,493,101703
1,494,101986
1,495,102093
1,496,101942
1,497,102335
1,498,102111
1,499,102248
1,500,102224
1,501,102181
1,502,102628
1,503,102836
1,504,102670
1,505,102552
1,506,102662
1,507,102563
1,508,102834
1,509,102783
1,510,102950
1,511,102974
1,512,103104
1,513,103073
1,514,103448
1,515,103024
1,516,103379
1,517,103314
1,518,103503
1,519,103613
1,520,103661
1,521,103620
1,522,103542
1,523,103852
1,524,104116
1,525,104105
1,526,104061
1,527,104032
1,528,104285
1,529,104231
1,530,104499
1,531,104255
1,532,104175
1,533,104514
1,534,104522
1,535,104465
1,536,104659
1,537,104607
1,538,104789
1,539,104784
1,540,104822
1,541,104944
1,542,105114
1,543,105166
1,544,104988
1,545,105050
1,546,105295
1,547,105137
1,548,105494
1,549,105269
1,550,105741
1,551,105622
1,552,105943
1,553,105910
1,554,105888
1,555,105918
1,556,105944
1,557,106077
1,558,106396
1,559,106352
1,560,106695
1,561,106370
1,562,106389
1,563,106593
1,564,106600
1,565,106663
1,566,106483
1,567,106833
1,568,106854
1,569,106859
1,570,106693
1,571,107103
1,572,107227
1,573,106977
1,574,107236
1,575,107296
1,576,107491
1,577,107200
1,578,107527
1,579,107435
1,580,107680
1,581,107912
1,582,107857
1,583,108028
1,584,107717
1,585,107754
1,586,108082
1,587,108120
1,588,108126
1,589,108236
1,590,108395
1,591,108687
1,592,108431
1,593,108422
1,594,108371
1,595,108418
1,596,108604
1,597,108457
1,598,108919
1,599,108829
1,600,108864
1,601,109066
1,602,108860
1,603,108854
1,604,109005
1,605,109128
1,606,109061
1,607,109382
1,608,109349
1,609,109509
1,610,109703
1,611,109701
1,612,109932
1,613,110001
1,614,110048
1,615,109719
1,616,109991
1,617,109874
1,618,109867
1,619,110088
1,620,110411
1,621,110504
1,622,110478
1,623,110335
1,624,110641
1,625,110653
1,626,110836
1,627,110813
1,628,111102
1,629,111087
1,630,110892
1,631,111051
1,632,111116
1,633,111245
1,634,111342
1,635,111317
1,636,111400
1,637,111405
1,638,111702
1,639,111789
1,640,111677
1,641,111548
1,642,111670
1,643,111804
1,644,111995
1,645,111956
1,646,112098
1,647,112315
1,648,112301
1,649,112374
1,650,112492
1,651,112432
1,652,112572
1,653,112652
1,654,112875
1,655,112703
1,656,112873
1,657,112867
1,658,113403
1,659,112893
1,660,113060
1,661,113234
1,662,113502
1,663,113687
1,664,113824
1,665,114153
1,666,115785
1,667,118744
1,668,121497
1,669,123706
1,670,126081
1,671,129795
1,672,131428
1,673,130670
1,674,131150
1,675,132781
1,676,133772
1,677,133350
1,678,133139
1,679,134272
1,680,134981
1,681,132328
1,682,128961
1,683,126657
1,684,123344
1,685,120201
1,686,117550
1,687,116831
1,688,115949
1,689,115741
1,690,115858
1,691,115477
1,692,115615
1,693,115704
1,694,115574
1,695,115755
1,696,115795
1,697,116100
1,698,115786
1,699,116182
1,700,116105
1,701,116347
1,702,116335
1,703,116181
1,704,116754
1,705,116723
1,706,116381
1,707,116539
1,708,116832
1,709,117175
1,710,116792
1,711,116967
1,712,117056
1,713,117089
1,714,117147
1,715,117183
1,716,117407
1,717,117296
1,718,117603
1,719,117169
1,720,117571
1,721,117773
1,722,117506
1,723,117788
1,724,117971
1,725,117934
1,726,117900
1,727,118064
1,728,118095
1,729,118384
1,730,118274
1,731,118167
1,732,118535
1,733,118745
1,734,118820
1,735,118914
1,736,118451
1,737,118678
1,738,119046
1,739,119120
1,740,119309
1,741,119507
1,742,119050
1,743,119237
1,744,119092
1,745,119419
1,746,119846
1,747,119643
1,748,119947
1,749,119728
1,750,119570
1,751,119650
1,752,119946
1,753,120035
1,754,120010
1,755,120112
1,756,120112
1,757,120401
1,758,120192
1,759,120527
1,760,120428
1,761,120569
1,762,120804
1,763,120893
1,764,120521
1,765,120747
1,766,120672
1,767,120707
1,768,120931
1,769,120825
1,770,121115
1,771,121229
1,772,121026
1,773,121286
1,774,121434
1,775,121438
1,776,121593
1,777,121581
1,778,121312
1,779,121530
1,780,121811
1,781,121875
1,782,121974
1,783,122307
1,784,122075
1,785,122183
1,786,122325
1,787,122218
1,788,122239
1,789,122217
1,790,122243
1,791,122329
1,792,122475
1,793,122648
1,794,122627
1,795,122567
1,796,122597
1,797,123050
1,798,123055
1,799,123242
1,800,123192
1,801,123312
1,802,123162
1,803,123216
1,804,123623
1,805,123245
1,806,123493
1,807,123406
1,808,123376
1,809,123769
1,810,123697
1,811,123887
1,812,124173
1,813,124062
1,814,124044
1,815,124113
1,816,124116
1,817,124195
1,818,124265
1,819,124126
1,820,124361
1,821,124413
1,822,124483
1,823,124723
1,824,124965
1,825,124693
1,826,124714
1,827,124880
1,828,125106
1,829,125129
1,830,124912
1,831,124987
1,832,125323
1,833,125122
1,834,125239
1,835,125320
1,836,125185
1,837,125390
1,838,125431
1,839,125758
1,840,125529
1,841,125451
1,842,125865
1,843,125722
1,844,125739
1,845,125820
1,846,125890
1,847,125825
1,848,126006
1,849,126518
1,850,126545
1,851,126441
1,852,126428
1,853,126548
1,854,126479
1,855,126702
1,856,126661
1,857,127009
1,858,127072
1,859,127109
1,860,127194
1,861,126853
1,862,127079
1,863,127118
1,864,127254
1,865,127488
1,866,127462
1,867,127555
1,868,127692
1,869,127420
1,870,127571
1,871,127685
1,872,127943
1,873,127896
1,874,128294
1,875,128138
1,876,127639
1,877,128037
1,878,128363
1,879,128362
1,880,128556
1,881,128341
1,882,128613
1,883,128595
1,884,128773
1,885,128816
1,886,128792
1,887,129325
1,888,128997
1,889,129080
1,890,129397
1,891,129217
1,892,129197
1,893,129519
1,894,129498
1,895,130363
1,896,130504
1,897,131196
1,898,131726
1,899,132244
1,900,132094
1,901,132687
1,902,132986
1,903,132917
1,904,133022
1,905,132402
1,906,132271
1,907,132072
1,908,132000
1,909,131524
1,910,131474
1,911,131874
1,912,132348
1,913,133054
1,914,133634
1,915,134694
1,916,136261
1,917,138317
1,918,141472
1,919,149372
1,920,179953
1,921,236145
1,922,293277
1,923,362698
1,924,420679
1,925,485064
1,926,539708
1,927,559821
1,928,563645
1,929,518270
1,930,468307
1,931,397620
1,932,315719
1,933,240071
1,934,181712
1,935,160110
1,936,151431
1,937,146332
1,938,143270
1,939,141145
1,940,139640
1,941,138697
1,942,137680
1,943,136977
1,944,136979
1,945,136155
1,946,136069
1,947,135746
1,948,135323
1,949,135411
1,950,135208
1,951,135371
1,952,135097
1,953,134696
1,954,134608
1,955,134104
1,956,134104
1,957,134564
1,958,134148
1,959,134469
1,960,133752
1,961,134007
1,962,133766
1,963,133997
1,964,133607
1,965,133642
1,966,133729
1,967,133608
1,968,133618
1,969,133934
1,970,133603
1,971,133518
1,972,133872
1,973,133801
1,974,133893
1,975,133619
1,976,133883
1,977,134068
1,978,133916
1,979,134324
1,980,134034
1,981,133919
1,982,134320
1,983,134051
1,984,134081
1,985,133807
1,986,133765
1,987,134295
1,988,134138
1,989,134320
1,990,134082
1,991,134104
1,992,134026
1,993,134003
1,994,134180
1,995,134300
1,996,134056
1,997,133829
1,998,134228
1,999,134156
1,1000,134057
1,1001,134273
1,1002,134304
1,1003,134391
1,1004,134608
1,1005,134654
1,1006,134702
1,1007,134891
1,1008,134738
1,1009,134663
1,1010,134655
1,1011,134310
1,1012,134486
1,1013,133852
1,1014,134508
1,1015,134320
1,1016,134586
1,1017,134507
1,1018,134354
1,1019,134551
1,1020,134740
1,1021,134481
1,1022,134198
1,1023,134573
1,1024,134626
1,1025,134565
1,1026,134605
1,1027,134821
1,1028,134505
1,1029,134828
1,1030,134586
1,1031,134661
1,1032,134616
1,1033,134748
1,1034,134636
1,1035,134858
1,1036,134905
1,1037,134787
1,1038,134602
1,1039,134416
1,1040,134892
1,1041,134669
1,1042,135149
1,1043,134653
1,1044,134837
1,1045,135085
1,1046,134882
1,1047,134790
1,1048,134651
1,1049,135310
1,1050,134771
1,1051,134691
1,1052,134875
1,1053,135085
1,1054,134903
1,1055,134911
1,1056,135360
1,1057,135068
1,1058,135403
1,1059,135032
1,1060,135634
1,1061,135325
1,1062,135524
1,1063,135515
1,1064,135263
1,1065,135536
1,1066,135309
1,1067,135735
1,1068,135912
1,1069,135524
1,1070,135783
1,1071,135480
1,1072,135234
1,1073,135399
1,1074,135525
1,1075,135793
1,1076,135858
1,1077,135671
1,1078,135510
1,1079,135912
1,1080,135716
1,1081,135773
1,1082,136143
1,1083,135871
1,1084,135881
1,1085,135892
1,1086,136142
1,1087,136111
1,1088,136329
1,1089,136040
1,1090,136154
1,1091,136410
1,1092,136045
1,1093,136665
1,1094,136148
1,1095,136205
1,1096,136637
1,1097,136576
1,1098,136867
1,1099,136667
1,1100,136760
1,1101,136593
1,1102,137083
1,1103,136955
1,1104,136406
1,1105,136580
1,1106,137015
1,1107,136895
1,1108,136671
1,1109,136404
1,1110,137060
1,1111,136875
1,1112,136896
1,1113,137401
1,1114,137352
1,1115,137208
1,1116,137675
1,1117,137311
1,1118,137208
1,1119,137064
1,1120,137427
1,1121,137413
1,1122,137219
1,1123,137508
1,1124,137208
1,1125,137148
1,1126,137388
1,1127,137068
1,1128,137010
1,1129,137212
1,1130,137134
1,1131,137356
1,1132,137189
1,1133,136976
1,1134,136932
1,1135,137088
1,1136,137098
1,1137,137147
1,1138,137192
1,1139,137257
1,1140,136786
1,1141,137006
1,1142,136723
1,1143,137152
1,1144,137184
1,1145,136930
1,1146,137010
1,1147,137834
1,1148,138022
1,1149,138052
1,1150,138035
1,1151,137854
1,1152,137912
1,1153,137863
1,1154,137696
1,1155,137672
1,1156,137373
1,1157,137799
1,1158,137462
1,1159,138121
1,1160,137829
1,1161,137830
1,1162,138286
1,1163,138827
1,1164,140205
1,1165,141549
1,1166,142298
1,1167,147654
1,1168,175115
1,1169,237260
1,1170,277455
1,1171,288299
1,1172,290307
1,1173,289511
1,1174,273534
1,1175,219539
1,1176,166158
1,1177,150022
1,1178,145888
1,1179,144079
1,1180,143085
1,1181,142192
1,1182,145223
1,1183,159294
1,1184,178167
1,1185,185949
1,1186,187487
1,1187,187760
1,1188,185993
1,1189,175778
1,1190,155928
1,1191,143976
1,1192,140709
1,1193,139764
1,1194,139287
1,1195,138789
1,1196,138165
1,1197,137836
1,1198,137700
1,1199,137397
1,1200,137436
1,1201,137379
1,1202,137568
1,1203,137478
1,1204,137291
1,1205,137218
1,1206,137418
1,1207,136866
1,1208,137160
1,1209,136975
1,1210,137213
1,1211,137123
1,1212,136783
1,1213,136786
1,1214,136831
1,1215,137243
1,1216,137203
1,1217,136497
1,1218,136974
1,1219,136830
1,1220,136869
1,1221,136996
1,1222,136849
1,1223,136824
1,1224,136677
1,1225,137021
1,1226,136602
1,1227,136878
1,1228,136699
1,1229,136870
1,1230,136928
1,1231,136623
1,1232,136623
1,1233,136846
1,1234,136605
1,1235,136958
1,1236,136924
1,1237,137069
1,1238,137229
1,1239,136994
1,1240,136905
1,1241,136791
1,1242,136939
1,1243,137023
1,1244,136642
1,1245,136902
1,1246,136994
1,1247,136561
1,1248,136788
1,1249,136652
1,1250,136398
1,1251,136448
1,1252,136381
1,1253,136706
1,1254,136290
1,1255,136569
1,1256,136350
1,1257,136586
1,1258,136570
1,1259,136360
1,1260,136007
1,1261,136106
1,1262,136210
1,1263,136456
1,1264,136118
1,1265,136271
1,1266,136617
1,1267,136258
1,1268,136571
1,1269,136279
1,1270,135969
1,1271,136179
1,1272,136169
1,1273,136432
1,1274,136364
1,1275,136504
1,1276,136015
1,1277,136371
1,1278,136546
1,1279,136440
1,1280,136153
1,1281,136245
1,1282,135992
1,1283,136187
1,1284,136035
1,1285,136129
1,1286,136393
1,1287,136205
1,1288,136264
1,1289,136529
1,1290,136134
1,1291,136229
1,1292,136036
1,1293,136104
1,1294,136174
1,1295,135954
1,1296,136116
1,1297,136324
1,1298,136324
1,1299,136438
1,1300,136242
1,1301,136533
1,1302,136741
1,1303,136615
1,1304,136639
1,1305,136649
1,1306,136559
1,1307,136708
1,1308,136534
1,1309,136512
1,1310,136569
1,1311,136432
1,1312,136756
1,1313,136446
1,1314,136884
1,1315,136475
1,1316,136406
1,1317,136430
1,1318,136436
1,1319,136666
1,1320,136331
1,1321,136513
1,1322,136149
1,1323,136203
1,1324,136250
1,1325,136204
1,1326,135926
1,1327,135766
1,1328,135989
1,1329,135880
1,1330,135939
1,1331,135934
1,1332,135685
1,1333,135711
1,1334,135683
1,1335,135706
1,1336,135343
1,1337,135271
1,1338,135138
1,1339,135286
1,1340,145208
