1,1,372376
1,2,374817
1,3,376532
1,4,379436
1,5,382008
1,6,385699
1,7,388338
1,8,391090
1,9,393143
1,10,394374
1,11,396891
1,12,400104
1,13,403139
1,14,405171
1,15,407567
1,16,411025
1,17,415372
1,18,421314
1,19,424911
1,20,430542
1,21,437026
1,22,447108
1,23,459741
1,24,469497
1,25,474644
1,26,479220
1,27,485890
1,28,491136
1,29,494605
1,30,500093
1,31,506314
1,32,512318
1,33,517715
1,34,523145
1,35,530195
1,36,537404
1,37,543038
1,38,545769
1,39,553951
1,40,561706
1,41,568639
1,42,576197
1,43,587119
1,44,598558
1,45,603655
1,46,610313
1,47,624400
1,48,631757
1,49,638108
1,50,639410
1,51,644743
1,52,651803
1,53,658544
1,54,662976
1,55,667969
1,56,676866
1,57,688149
1,58,700947
1,59,705123
1,60,707500
1,61,717149
1,62,726679
1,63,736745
1,64,739286
1,65,740396
1,66,743748
1,67,756810
1,68,772718
1,69,786068
1,70,799108
1,71,818889
1,72,843993
1,73,876704
1,74,913669
1,75,948058
1,76,1.00132e+006
1,77,1.04534e+006
1,78,1.08548e+006
1,79,1.14422e+006
1,80,1.14825e+006
1,81,1.12255e+006
1,82,1.10195e+006
1,83,1.07881e+006
1,84,1.0595e+006
1,85,1.04929e+006
1,86,1.06643e+006
1,87,1.08617e+006
1,88,1.11324e+006
1,89,1.1466e+006
1,90,1.1901e+006
1,91,1.24382e+006
1,92,1.30893e+006
1,93,1.40888e+006
1,94,1.5548e+006
1,95,1.7689e+006
1,96,2.06733e+006
1,97,2.46508e+006
1,98,2.97853e+006
1,99,3.61792e+006
1,100,4.3108e+006
1,101,4.95435e+006
1,102,5.40266e+006
1,103,5.68913e+006
1,104,5.88721e+006
1,105,6.03628e+006
1,106,6.16821e+006
1,107,6.28611e+006
1,108,6.36858e+006
1,109,6.42315e+006
1,110,6.46588e+006
1,111,6.47756e+006
1,112,6.47173e+006
1,113,6.46773e+006
1,114,6.47729e+006
1,115,6.48213e+006
1,116,6.48243e+006
1,117,6.47662e+006
1,118,6.47844e+006
1,119,6.48248e+006
1,120,6.48049e+006
1,121,6.48276e+006
1,122,6.48617e+006
1,123,6.48626e+006
1,124,6.48461e+006
1,125,6.48389e+006
1,126,6.48717e+006
1,127,6.48684e+006
1,128,6.48658e+006
1,129,6.48866e+006
1,130,6.48867e+006
1,131,6.48867e+006
1,132,6.48867e+006
1,133,6.48866e+006
1,134,6.48003e+006
1,135,6.451e+006
1,136,6.4446e+006
1,137,6.46371e+006
1,138,6.4861e+006
1,139,6.48867e+006
1,140,6.48208e+006
1,141,6.46242e+006
1,142,6.44178e+006
1,143,6.4363e+006
1,144,6.44217e+006
1,145,6.4477e+006
1,146,6.46702e+006
1,147,6.48736e+006
1,148,6.48867e+006
1,149,6.48867e+006
1,150,6.48868e+006
1,151,6.48868e+006
1,152,6.48867e+006
1,153,6.48868e+006
1,154,6.48868e+006
1,155,6.48867e+006
1,156,6.48868e+006
1,157,6.48869e+006
1,158,6.48868e+006
1,159,6.4887e+006
1,160,6.48869e+006
1,161,6.49425e+006
1,162,6.5535e+006
1,163,6.5535e+006
1,164,6.5535e+006
1,165,6.5535e+006
1,166,6.5535e+006
1,167,6.5535e+006
1,168,6.5535e+006
1,169,6.5535e+006
1,170,6.5535e+006
1,171,6.5535e+006
1,172,6.5535e+006
1,173,6.5535e+006
1,174,6.5535e+006
1,175,6.5535e+006
1,176,6.5535e+006
1,177,6.5535e+006
1,178,6.5535e+006
1,179,6.5535e+006
1,180,6.5535e+006
1,181,6.5535e+006
1,182,6.5535e+006
1,183,6.5535e+006
1,184,6.5535e+006
1,185,6.5535e+006
1,186,6.5535e+006
1,187,6.5535e+006
1,188,6.5535e+006
1,189,6.5535e+006
1,190,6.5535e+006
1,191,6.5535e+006
1,192,6.5535e+006
1,193,6.5535e+006
1,194,6.5535e+006
1,195,6.5535e+006
1,196,6.5535e+006
1,197,6.5535e+006
1,198,6.5535e+006
1,199,6.5535e+006
1,200,6.5535e+006
1,201,6.5535e+006
1,202,6.5535e+006
1,203,6.5535e+006
1,204,6.5535e+006
1,205,6.5535e+006
1,206,6.5535e+006
1,207,6.5535e+006
1,208,6.5535e+006
1,209,6.5535e+006
1,210,6.5535e+006
1,211,6.5535e+006
1,212,6.5535e+006
1,213,6.5535e+006
1,214,6.5535e+006
1,215,6.5535e+006
1,216,6.5535e+006
1,217,6.5535e+006
1,218,6.5535e+006
1,219,6.5535e+006
1,220,6.5535e+006
1,221,6.5535e+006
1,222,6.5535e+006
1,223,6.5535e+006
1,224,6.5535e+006
1,225,6.5535e+006
1,226,6.5535e+006
1,227,6.5535e+006
1,228,6.5535e+006
1,229,6.5535e+006
1,230,6.5535e+006
1,231,6.5535e+006
1,232,6.5535e+006
1,233,6.5535e+006
1,234,6.5535e+006
1,235,6.5535e+006
1,236,6.5535e+006
1,237,6.5535e+006
1,238,6.5535e+006
1,239,6.5535e+006
1,240,6.5535e+006
1,241,6.5535e+006
1,242,6.5535e+006
1,243,6.5535e+006
1,244,6.5535e+006
1,245,6.5535e+006
1,246,6.5535e+006
1,247,6.5535e+006
1,248,6.5535e+006
1,249,6.5535e+006
1,250,6.5535e+006
1,251,6.5535e+006
1,252,6.5535e+006
1,253,6.5535e+006
1,254,6.5535e+006
1,255,6.5535e+006
1,256,6.5535e+006
1,257,6.5535e+006
1,258,6.5535e+006
1,259,6.5535e+006
1,260,6.5535e+006
1,261,6.5535e+006
1,262,6.5535e+006
1,263,6.5535e+006
1,264,6.5535e+006
1,265,6.5535e+006
1,266,6.5535e+006
1,267,6.5535e+006
1,268,6.5535e+006
1,269,6.5535e+006
1,270,6.5535e+006
1,271,6.5535e+006
1,272,6.5535e+006
1,273,6.5535e+006
1,274,6.5535e+006
1,275,6.5535e+006
1,276,6.5535e+006
1,277,6.5535e+006
1,278,6.5535e+006
1,279,6.5535e+006
1,280,6.5535e+006
1,281,6.5535e+006
1,282,6.5535e+006
1,283,6.5535e+006
1,284,6.5535e+006
1,285,6.5535e+006
1,286,6.5535e+006
1,287,6.5535e+006
1,288,6.5535e+006
1,289,6.5535e+006
1,290,6.5535e+006
1,291,6.5535e+006
1,292,6.5535e+006
1,293,6.5535e+006
1,294,6.5535e+006
1,295,6.5535e+006
1,296,6.5535e+006
1,297,6.5535e+006
1,298,6.5535e+006
1,299,6.5535e+006
1,300,6.5535e+006
1,301,6.5535e+006
1,302,6.5535e+006
1,303,6.5535e+006
1,304,6.5535e+006
1,305,6.5535e+006
1,306,6.5535e+006
1,307,6.5535e+006
1,308,6.5535e+006
1,309,6.5535e+006
1,310,6.5535e+006
1,311,6.5535e+006
1,312,6.5535e+006
1,313,6.5535e+006
1,314,6.5535e+006
1,315,6.5535e+006
1,316,6.5535e+006
1,317,6.5535e+006
1,318,6.5535e+006
1,319,6.5535e+006
1,320,6.5535e+006
1,321,6.5535e+006
1,322,6.5535e+006
1,323,6.5535e+006
1,324,6.5535e+006
1,325,6.5535e+006
1,326,6.5535e+006
1,327,6.5535e+006
1,328,6.5535e+006
1,329,6.5535e+006
1,330,6.5535e+006
1,331,6.5535e+006
1,332,6.5535e+006
1,333,6.5535e+006
1,334,6.5535e+006
1,335,6.5535e+006
1,336,6.5535e+006
1,337,6.5535e+006
1,338,6.5535e+006
1,339,6.5535e+006
1,340,6.5535e+006
1,341,6.5535e+006
1,342,6.5535e+006
1,343,6.5535e+006
1,344,6.5535e+006
1,345,6.5535e+006
1,346,6.5535e+006
1,347,6.5535e+006
1,348,6.5535e+006
1,349,6.5535e+006
1,350,6.5535e+006
1,351,6.5535e+006
1,352,6.5535e+006
1,353,6.48868e+006
1,354,6.48867e+006
1,355,6.48867e+006
1,356,6.48867e+006
1,357,6.48867e+006
1,358,6.48867e+006
1,359,6.48867e+006
1,360,6.48867e+006
1,361,6.48866e+006
1,362,6.48867e+006
1,363,6.48867e+006
1,364,6.48866e+006
1,365,6.48866e+006
1,366,6.48867e+006
1,367,6.48866e+006
1,368,6.48867e+006
1,369,6.48866e+006
1,370,6.48867e+006
1,371,6.48866e+006
1,372,6.48866e+006
1,373,6.48867e+006
1,374,6.48867e+006
1,375,6.48865e+006
1,376,6.48866e+006
1,377,6.48867e+006
1,378,6.48867e+006
1,379,6.48867e+006
1,380,6.48867e+006
1,381,6.48867e+006
1,382,6.48866e+006
1,383,6.48867e+006
1,384,6.48866e+006
1,385,6.48867e+006
1,386,6.48867e+006
1,387,6.48867e+006
1,388,6.48867e+006
1,389,6.48867e+006
1,390,6.48866e+006
1,391,6.48867e+006
1,392,6.48866e+006
1,393,6.48866e+006
1,394,6.48867e+006
1,395,6.48866e+006
1,396,6.48867e+006
1,397,6.48866e+006
1,398,6.48866e+006
1,399,6.48867e+006
1,400,6.48867e+006
1,401,6.48867e+006
1,402,6.48866e+006
1,403,6.48867e+006
1,404,6.48866e+006
1,405,6.48866e+006
1,406,6.48867e+006
1,407,6.48867e+006
1,408,6.48866e+006
1,409,6.48839e+006
1,410,6.48866e+006
1,411,6.48866e+006
1,412,6.48867e+006
1,413,6.48866e+006
1,414,6.48867e+006
1,415,6.48867e+006
1,416,6.48866e+006
1,417,6.48867e+006
1,418,6.48866e+006
1,419,6.48866e+006
1,420,6.48867e+006
1,421,6.48866e+006
1,422,6.48867e+006
1,423,6.48867e+006
1,424,6.48867e+006
1,425,6.48866e+006
1,426,6.48866e+006
1,427,6.48866e+006
1,428,6.48867e+006
1,429,6.48866e+006
1,430,6.48866e+006
1,431,6.48867e+006
1,432,6.48866e+006
1,433,6.48867e+006
1,434,6.48866e+006
1,435,6.48866e+006
1,436,6.48866e+006
1,437,6.48866e+006
1,438,6.48867e+006
1,439,6.48866e+006
1,440,6.48866e+006
1,441,6.48866e+006
1,442,6.48867e+006
1,443,6.48666e+006
1,444,6.47894e+006
1,445,6.45774e+006
1,446,6.45666e+006
1,447,6.48122e+006
1,448,6.48866e+006
1,449,6.48867e+006
1,450,6.48866e+006
1,451,6.48866e+006
1,452,6.48866e+006
1,453,6.48866e+006
1,454,6.48866e+006
1,455,6.48866e+006
1,456,6.48866e+006
1,457,6.48866e+006
1,458,6.48866e+006
1,459,6.48866e+006
1,460,6.48866e+006
1,461,6.48867e+006
1,462,6.48867e+006
1,463,6.48867e+006
1,464,6.48865e+006
1,465,6.48867e+006
1,466,6.48866e+006
1,467,6.48867e+006
1,468,6.48866e+006
1,469,6.48866e+006
1,470,6.48867e+006
1,471,6.48866e+006
1,472,6.48866e+006
1,473,6.48867e+006
1,474,6.48866e+006
1,475,6.48866e+006
1,476,6.48866e+006
1,477,6.48865e+006
1,478,6.48867e+006
1,479,6.48866e+006
1,480,6.48866e+006
1,481,6.48787e+006
1,482,6.4865e+006
1,483,6.4885e+006
1,484,6.48844e+006
1,485,6.48529e+006
1,486,6.47079e+006
1,487,6.43588e+006
1,488,6.36477e+006
1,489,6.39242e+006
1,490,6.45044e+006
1,491,6.46943e+006
1,492,6.45997e+006
1,493,6.09529e+006
1,494,5.50442e+006
1,495,4.96517e+006
1,496,4.56466e+006
1,497,4.31274e+006
1,498,4.12298e+006
1,499,3.92047e+006
1,500,3.79347e+006
1,501,3.71375e+006
1,502,3.72419e+006
1,503,3.84013e+006
1,504,3.98924e+006
1,505,4.03781e+006
1,506,3.96063e+006
1,507,3.83752e+006
1,508,3.77518e+006
1,509,3.78469e+006
1,510,3.86211e+006
1,511,3.90984e+006
1,512,3.86399e+006
1,513,3.73089e+006
1,514,3.65615e+006
1,515,3.67904e+006
1,516,3.8396e+006
1,517,4.03114e+006
1,518,4.15243e+006
1,519,4.19503e+006
1,520,4.23949e+006
1,521,4.39349e+006
1,522,4.59164e+006
1,523,4.68339e+006
1,524,4.11317e+006
1,525,3.28394e+006
1,526,3.04976e+006
1,527,2.4919e+006
1,528,2.24546e+006
1,529,2.22634e+006
1,530,2.28188e+006
1,531,2.2997e+006
1,532,2.3818e+006
1,533,2.44677e+006
1,534,2.8569e+006
1,535,3.29128e+006
1,536,2.96668e+006
1,537,2.98007e+006
1,538,3.23739e+006
1,539,2.88706e+006
1,540,3.09684e+006
1,541,3.90306e+006
1,542,3.85436e+006
1,543,3.63334e+006
1,544,3.01826e+006
1,545,2.86094e+006
1,546,2.65473e+006
1,547,2.45114e+006
1,548,2.42287e+006
1,549,2.28508e+006
1,550,2.33847e+006
1,551,2.41479e+006
1,552,2.34183e+006
1,553,2.18806e+006
1,554,2.02195e+006
1,555,1.96948e+006
1,556,1.91375e+006
1,557,1.88564e+006
1,558,1.87855e+006
1,559,1.8612e+006
1,560,1.85965e+006
1,561,1.88394e+006
1,562,1.8936e+006
1,563,1.89403e+006
1,564,1.8886e+006
1,565,1.90191e+006
1,566,1.89478e+006
1,567,1.89976e+006
1,568,1.90525e+006
1,569,1.94435e+006
1,570,1.97984e+006
1,571,2.02034e+006
1,572,2.07133e+006
1,573,2.12551e+006
1,574,2.1581e+006
1,575,2.17176e+006
1,576,2.20385e+006
1,577,2.22292e+006
1,578,2.25063e+006
1,579,2.25205e+006
1,580,2.26079e+006
1,581,2.27627e+006
1,582,2.27196e+006
1,583,2.2645e+006
1,584,2.25639e+006
1,585,2.21644e+006
1,586,2.17566e+006
1,587,2.10493e+006
1,588,2.05181e+006
1,589,1.98212e+006
1,590,1.91653e+006
1,591,1.8619e+006
1,592,1.79699e+006
1,593,1.74621e+006
1,594,1.71531e+006
1,595,1.68953e+006
1,596,1.66135e+006
1,597,1.64602e+006
1,598,1.63797e+006
1,599,1.62722e+006
1,600,1.61756e+006
1,601,1.61759e+006
1,602,1.61279e+006
1,603,1.60552e+006
1,604,1.60151e+006
1,605,1.59157e+006
1,606,1.58322e+006
1,607,1.57798e+006
1,608,1.57075e+006
1,609,1.56086e+006
1,610,1.55002e+006
1,611,1.54541e+006
1,612,1.53958e+006
1,613,1.53487e+006
1,614,1.53026e+006
1,615,1.5271e+006
1,616,1.52062e+006
1,617,1.5112e+006
1,618,1.49673e+006
1,619,1.48883e+006
1,620,1.48281e+006
1,621,1.48654e+006
1,622,1.47961e+006
1,623,1.47201e+006
1,624,1.46546e+006
1,625,1.45843e+006
1,626,1.44949e+006
1,627,1.4438e+006
1,628,1.44158e+006
1,629,1.43594e+006
1,630,1.4238e+006
1,631,1.42122e+006
1,632,1.41634e+006
1,633,1.40744e+006
1,634,1.40689e+006
1,635,1.4041e+006
1,636,1.39359e+006
1,637,1.38363e+006
1,638,1.37891e+006
1,639,1.37017e+006
1,640,1.36646e+006
1,641,1.35846e+006
1,642,1.35161e+006
1,643,1.35172e+006
1,644,1.34562e+006
1,645,1.33143e+006
1,646,1.32106e+006
1,647,1.31976e+006
1,648,1.30911e+006
1,649,1.29964e+006
1,650,1.3002e+006
1,651,1.29244e+006
1,652,1.27678e+006
1,653,1.27469e+006
1,654,1.27542e+006
1,655,1.26304e+006
1,656,1.24979e+006
1,657,1.2295e+006
1,658,1.20781e+006
1,659,1.1847e+006
1,660,1.16891e+006
1,661,1.15608e+006
1,662,1.15077e+006
1,663,1.14281e+006
1,664,1.13611e+006
1,665,1.13265e+006
1,666,1.13195e+006
1,667,1.12789e+006
1,668,1.12367e+006
1,669,1.11952e+006
1,670,1.11696e+006
1,671,1.11411e+006
1,672,1.1149e+006
1,673,1.11877e+006
1,674,1.11996e+006
1,675,1.12203e+006
1,676,1.12613e+006
1,677,1.12956e+006
1,678,1.1274e+006
1,679,1.12683e+006
1,680,1.12266e+006
1,681,1.13171e+006
1,682,1.11052e+006
1,683,1.10983e+006
1,684,1.10799e+006
1,685,1.11232e+006
1,686,1.11171e+006
1,687,1.11495e+006
1,688,1.11363e+006
1,689,1.10915e+006
1,690,1.10193e+006
1,691,1.09687e+006
1,692,1.09067e+006
1,693,1.08681e+006
1,694,1.08028e+006
1,695,1.06952e+006
1,696,1.05966e+006
1,697,1.0487e+006
1,698,1.03989e+006
1,699,1.03083e+006
1,700,1.0251e+006
1,701,1.02074e+006
1,702,1.01924e+006
1,703,1.01626e+006
1,704,1.01233e+006
1,705,1.01041e+006
1,706,1.0095e+006
1,707,1.0068e+006
1,708,1.00509e+006
1,709,1.00451e+006
1,710,1.00384e+006
1,711,1.00712e+006
1,712,1.00693e+006
1,713,1.00776e+006
1,714,1.00918e+006
1,715,1.01158e+006
1,716,1.01072e+006
1,717,1.00859e+006
1,718,1.00369e+006
1,719,999695
1,720,997018
1,721,993042
1,722,992331
1,723,993347
1,724,991390
1,725,993820
1,726,991226
1,727,990477
1,728,987225
1,729,986314
1,730,982837
1,731,981595
1,732,982984
1,733,980875
1,734,979379
1,735,979591
1,736,977092
1,737,973079
1,738,970131
1,739,969898
1,740,967486
1,741,966995
1,742,967291
1,743,968518
1,744,966112
1,745,965962
1,746,965696
1,747,963584
1,748,959322
1,749,959569
1,750,958855
1,751,956346
1,752,956659
1,753,957749
1,754,955741
1,755,950885
1,756,951245
1,757,949763
1,758,948112
1,759,948600
1,760,947082
1,761,946393
1,762,944967
1,763,944034
1,764,942192
1,765,941102
1,766,941413
1,767,940928
1,768,938992
1,769,935939
1,770,934141
1,771,934870
1,772,933433
1,773,931734
1,774,927767
1,775,924522
1,776,923371
1,777,922285
1,778,922596
1,779,924192
1,780,924586
1,781,923672
1,782,925015
1,783,924640
1,784,925101
1,785,924915
1,786,926367
1,787,926250
1,788,927254
1,789,927718
1,790,925713
1,791,925937
1,792,925732
1,793,925436
1,794,923551
1,795,922400
1,796,922097
1,797,922236
1,798,918641
1,799,917078
1,800,916425
1,801,917771
1,802,918480
1,803,916548
1,804,917812
1,805,916377
1,806,917710
1,807,919531
1,808,916958
1,809,914425
1,810,913995
1,811,913126
1,812,911301
1,813,911442
1,814,908973
1,815,908697
1,816,905637
1,817,905205
1,818,901993
1,819,900594
1,820,899849
1,821,897206
1,822,896161
1,823,894457
1,824,894212
1,825,894682
1,826,895530
1,827,894623
1,828,892342
1,829,891196
1,830,889961
1,831,889014
1,832,887629
1,833,885567
1,834,885607
1,835,883704
1,836,885044
1,837,882768
1,838,879908
1,839,878898
1,840,875849
1,841,872920
1,842,868062
1,843,866562
1,844,864762
1,845,862041
1,846,858703
1,847,858131
1,848,857205
1,849,856304
1,850,854714
1,851,855532
1,852,853473
1,853,852027
1,854,849776
1,855,847611
1,856,846260
1,857,843334
1,858,840014
1,859,838413
1,860,836751
1,861,834065
1,862,831564
1,863,831135
1,864,830499
1,865,830142
1,866,829430
1,867,827892
1,868,825782
1,869,827338
1,870,824369
1,871,819976
1,872,817135
1,873,814630
1,874,812817
1,875,812089
1,876,811975
1,877,811928
1,878,811686
1,879,814164
1,880,814828
1,881,817733
1,882,818149
1,883,818029
1,884,817384
1,885,818978
1,886,818647
1,887,815767
1,888,817089
1,889,816115
1,890,814939
1,891,813832
1,892,813880
1,893,812086
1,894,808153
1,895,805952
1,896,804421
1,897,800802
1,898,800780
1,899,800724
1,900,798725
1,901,797051
1,902,796483
1,903,795862
1,904,797344
1,905,796341
1,906,794786
1,907,795979
1,908,794625
1,909,794081
1,910,791460
1,911,792529
1,912,791672
1,913,789769
1,914,787441
1,915,787198
1,916,787934
1,917,787753
1,918,785792
1,919,785847
1,920,784588
1,921,782844
1,922,781554
1,923,777467
1,924,776496
1,925,776127
1,926,773413
1,927,772914
1,928,772112
1,929,771675
1,930,771427
1,931,771580
1,932,771105
1,933,771464
1,934,772259
1,935,771041
1,936,772342
1,937,770330
1,938,768972
1,939,767884
1,940,766973
1,941,765970
1,942,765727
1,943,767460
1,944,767117
1,945,762651
1,946,760745
1,947,759946
1,948,758087
1,949,760235
1,950,759748
1,951,759906
1,952,758259
1,953,756595
1,954,754995
1,955,752155
1,956,750326
1,957,750198
1,958,747903
1,959,747370
1,960,747325
1,961,743215
1,962,742505
1,963,739123
1,964,738260
1,965,735700
1,966,735545
1,967,733203
1,968,733105
1,969,731352
1,970,731718
1,971,732303
1,972,734974
1,973,730448
1,974,730028
1,975,729488
1,976,728093
1,977,725997
1,978,725053
1,979,726395
1,980,728302
1,981,726645
1,982,725488
1,983,723046
1,984,719774
1,985,720158
1,986,719630
1,987,719328
1,988,718474
1,989,720610
1,990,719762
1,991,718978
1,992,716723
1,993,716737
1,994,715951
1,995,717243
1,996,718008
1,997,717762
1,998,714548
1,999,714443
1,1000,712322
1,1001,712499
1,1002,712020
1,1003,711713
1,1004,710445
1,1005,709322
1,1006,709312
1,1007,709189
1,1008,708383
1,1009,708822
1,1010,707462
1,1011,706791
1,1012,706451
1,1013,705553
1,1014,707548
1,1015,708892
1,1016,707024
1,1017,707387
1,1018,705153
1,1019,704549
1,1020,704895
1,1021,706433
1,1022,707842
1,1023,711634
1,1024,711998
1,1025,712909
1,1026,714286
1,1027,712821
1,1028,710788
1,1029,713314
1,1030,712488
1,1031,712297
1,1032,712698
1,1033,711236
1,1034,709411
1,1035,706904
1,1036,705474
1,1037,704564
1,1038,703546
1,1039,702583
1,1040,703493
1,1041,704761
1,1042,704454
1,1043,704132
1,1044,703484
1,1045,700138
1,1046,701444
1,1047,699243
1,1048,697702
1,1049,696872
1,1050,697283
1,1051,697165
1,1052,698670
1,1053,699121
1,1054,698060
1,1055,697065
1,1056,696663
1,1057,696888
1,1058,696110
1,1059,697505
1,1060,697355
1,1061,697731
1,1062,697804
1,1063,697592
1,1064,696867
1,1065,696955
1,1066,695611
1,1067,692927
1,1068,692195
1,1069,690886
1,1070,688032
1,1071,688617
1,1072,687670
1,1073,684552
1,1074,685626
1,1075,686469
1,1076,683791
1,1077,682814
1,1078,681071
1,1079,679464
1,1080,677967
1,1081,676012
1,1082,675752
1,1083,674022
1,1084,673714
1,1085,671893
1,1086,671943
1,1087,670391
1,1088,668672
1,1089,665840
1,1090,664444
1,1091,664175
1,1092,660816
1,1093,658275
1,1094,656054
1,1095,656367
1,1096,653896
1,1097,653516
1,1098,653555
1,1099,653619
1,1100,652099
1,1101,650384
1,1102,650431
1,1103,648438
1,1104,645998
1,1105,642791
1,1106,641599
1,1107,642149
1,1108,640110
1,1109,640037
1,1110,639541
1,1111,637463
1,1112,635448
1,1113,634170
1,1114,634068
1,1115,633582
1,1116,630979
1,1117,631966
1,1118,629013
1,1119,627639
1,1120,626035
1,1121,622687
1,1122,621859
1,1123,621471
1,1124,620244
1,1125,619034
1,1126,617970
1,1127,616142
1,1128,615308
1,1129,614599
1,1130,614074
1,1131,611375
1,1132,611483
1,1133,609429
1,1134,610432
1,1135,607987
1,1136,607656
1,1137,607275
1,1138,606297
1,1139,605299
1,1140,603180
1,1141,601349
1,1142,599788
1,1143,597272
1,1144,595730
1,1145,594542
1,1146,594964
1,1147,590171
1,1148,589755
1,1149,588605
1,1150,585931
1,1151,583683
1,1152,581356
1,1153,580569
1,1154,578719
1,1155,577754
1,1156,575014
1,1157,573845
1,1158,573490
1,1159,572863
1,1160,571434
1,1161,570127
1,1162,569960
1,1163,569203
1,1164,568322
1,1165,567134
1,1166,565144
1,1167,564016
1,1168,564151
1,1169,564810
1,1170,563891
1,1171,563648
1,1172,563325
1,1173,562402
1,1174,561669
1,1175,561229
1,1176,561556
1,1177,561157
1,1178,560018
1,1179,558887
1,1180,557136
1,1181,557168
1,1182,556697
1,1183,555910
1,1184,555988
1,1185,556657
1,1186,555855
1,1187,556360
1,1188,554641
1,1189,553958
1,1190,551821
1,1191,551350
1,1192,550275
1,1193,550375
1,1194,549880
1,1195,547517
1,1196,546806
1,1197,544317
1,1198,542935
1,1199,542224
1,1200,540336
1,1201,539646
1,1202,538996
1,1203,538442
1,1204,536655
1,1205,536868
1,1206,537012
1,1207,539016
1,1208,538654
1,1209,539401
1,1210,537334
1,1211,537504
1,1212,536883
1,1213,533542
1,1214,533436
1,1215,533842
1,1216,535449
1,1217,535859
1,1218,537336
1,1219,538173
1,1220,538552
1,1221,538488
1,1222,538407
1,1223,538184
1,1224,538531
1,1225,539287
1,1226,539749
1,1227,539691
1,1228,539559
1,1229,539721
1,1230,539212
1,1231,538486
1,1232,539052
1,1233,539866
1,1234,540036
1,1235,540099
1,1236,541526
1,1237,539676
1,1238,538327
1,1239,537848
1,1240,536293
1,1241,536375
1,1242,535282
1,1243,534268
1,1244,533667
1,1245,532522
1,1246,530054
1,1247,529172
1,1248,527327
1,1249,525332
1,1250,525943
1,1251,525164
1,1252,523572
1,1253,521654
1,1254,520540
1,1255,519140
1,1256,517577
1,1257,515578
1,1258,513570
1,1259,512734
1,1260,511044
1,1261,509679
1,1262,508755
1,1263,507816
1,1264,507967
1,1265,505540
1,1266,506350
1,1267,503822
1,1268,503299
1,1269,501525
1,1270,500623
1,1271,500056
1,1272,499596
1,1273,499384
1,1274,499118
1,1275,498957
1,1276,498035
1,1277,498584
1,1278,497118
1,1279,497893
1,1280,499953
1,1281,499136
1,1282,497355
1,1283,499425
1,1284,499389
1,1285,498119
1,1286,499069
1,1287,497323
1,1288,497845
1,1289,498171
1,1290,498544
1,1291,497751
1,1292,497073
1,1293,498370
1,1294,496660
1,1295,496856
1,1296,498493
1,1297,499122
1,1298,500191
1,1299,500490
1,1300,500306
1,1301,499379
1,1302,499382
1,1303,499719
1,1304,499437
1,1305,500598
1,1306,500298
1,1307,500970
1,1308,500979
1,1309,500979
1,1310,500815
1,1311,502451
1,1312,502638
1,1313,502235
1,1314,500291
1,1315,499259
1,1316,499016
1,1317,500783
1,1318,502370
1,1319,503198
1,1320,503042
1,1321,501786
1,1322,500806
1,1323,500494
1,1324,499570
1,1325,498618
1,1326,498216
1,1327,497184
1,1328,496768
1,1329,497388
1,1330,497419
1,1331,495633
1,1332,494822
1,1333,492732
1,1334,493513
1,1335,492858
1,1336,491094
1,1337,489320
1,1338,488202
1,1339,487927
1,1340,492272
