1,-398.209,211610
1,-396.141,211504
1,-394.073,211448
1,-392.005,211518
1,-389.938,211636
1,-387.87,211454
1,-385.803,211518
1,-383.736,211535
1,-381.67,211563
1,-379.603,211423
1,-377.537,211459
1,-375.471,211492
1,-373.405,211567
1,-371.34,211541
1,-369.275,211523
1,-367.21,211393
1,-365.145,211481
1,-363.08,211512
1,-361.016,211446
1,-358.951,211424
1,-356.887,211484
1,-354.824,211474
1,-352.76,211430
1,-350.697,211460
1,-348.634,211569
1,-346.571,211629
1,-344.508,211464
1,-342.446,211551
1,-340.384,211362
1,-338.322,211610
1,-336.26,211571
1,-334.198,211572
1,-332.137,211544
1,-330.076,211512
1,-328.016,211609
1,-325.955,211518
1,-323.895,211440
1,-321.835,211634
1,-319.775,211501
1,-317.715,211579
1,-315.656,211510
1,-313.597,211541
1,-311.538,211579
1,-309.48,211732
1,-307.421,211655
1,-305.363,211560
1,-303.305,211718
1,-301.248,211361
1,-299.191,211601
1,-297.134,211614
1,-295.077,211572
1,-293.02,211566
1,-290.964,211612
1,-288.908,211573
1,-286.852,211529
1,-284.797,211636
1,-282.741,211642
1,-280.686,211750
1,-278.632,211586
1,-276.577,211675
1,-274.523,211468
1,-272.469,211650
1,-270.415,211654
1,-268.362,211667
1,-266.309,211546
1,-264.256,211597
1,-262.203,211673
1,-260.151,211502
1,-258.099,211596
1,-256.047,211676
1,-253.995,211664
1,-251.944,211754
1,-249.893,211668
1,-247.842,211893
1,-245.792,211741
1,-243.742,211619
1,-241.692,211619
1,-239.642,211535
1,-237.593,211691
1,-235.544,211736
1,-233.495,211677
1,-231.447,211768
1,-229.398,211634
1,-227.351,211654
1,-225.303,211681
1,-223.256,211572
1,-221.209,211796
1,-219.162,211665
1,-217.115,211746
1,-215.069,211762
1,-213.023,211793
1,-210.978,211811
1,-208.932,211751
1,-206.887,211658
1,-204.843,211825
1,-202.798,211871
1,-200.754,211850
1,-198.71,211849
1,-196.667,211867
1,-194.623,211796
1,-192.58,211966
1,-190.538,211990
1,-188.495,212124
1,-186.453,211980
1,-184.412,212125
1,-182.37,211946
1,-180.329,212301
1,-178.288,212270
1,-176.248,212172
1,-174.208,212206
1,-172.168,212130
1,-170.128,212152
1,-168.089,212208
1,-166.05,212286
1,-164.011,212069
1,-161.973,212229
1,-159.935,212182
1,-157.897,212179
1,-155.86,212337
1,-153.823,212320
1,-151.786,212330
1,-149.75,212290
1,-147.713,212348
1,-145.678,212267
1,-143.642,212266
1,-141.607,212332
1,-139.572,212261
1,-137.538,212320
1,-135.504,212319
1,-133.47,212399
1,-131.436,212295
1,-129.403,212354
1,-127.37,212304
1,-125.338,212231
1,-123.305,212257
1,-121.273,212193
1,-119.242,212291
1,-117.211,212257
1,-115.18,212339
1,-113.149,212288
1,-111.119,212213
1,-109.089,212543
1,-107.06,212469
1,-105.03,212390
1,-103.002,212314
1,-100.973,212397
1,-98.9449,212287
1,-96.9171,212476
1,-94.8896,212404
1,-92.8624,212644
1,-90.8356,212456
1,-88.8091,212623
1,-86.783,212703
1,-84.7572,212718
1,-82.7318,212728
1,-80.7067,212762
1,-78.682,212906
1,-76.6576,212846
1,-74.6336,212992
1,-72.6099,212951
1,-70.5866,212992
1,-68.5636,213060
1,-66.541,212987
1,-64.5187,213171
1,-62.4968,213283
1,-60.4753,213223
1,-58.4541,213545
1,-56.4332,213609
1,-54.4128,213680
1,-52.3927,213886
1,-50.3729,213705
1,-48.3535,214091
1,-46.3345,214126
1,-44.3158,214370
1,-42.2975,214557
1,-40.2796,214854
1,-38.262,215350
1,-36.2448,215646
1,-34.2279,216109
1,-32.2115,216781
1,-30.1954,217505
1,-28.1796,218745
1,-26.1643,220473
1,-24.1493,224015
1,-22.1347,229502
1,-20.1204,235729
1,-18.1066,245053
1,-16.0931,263731
1,-14.0799,294628
1,-12.0672,318198
1,-10.0548,341219
1,-8.04285,390000
1,-6.03125,450530
1,-4.02002,484174
1,-2.00917,510403
1,0.00129508,550213
1,2.01138,555370
1,4.02108,524884
1,6.03039,530759
1,8.03933,542078
1,10.0479,536419
1,12.056,506292
1,14.0638,481346
1,16.0712,425738
1,18.0782,349927
1,20.0848,292680
1,22.091,255982
1,24.0968,236420
1,26.1023,228269
1,28.1073,223821
1,30.112,221601
1,32.1162,219504
1,34.1201,217945
1,36.1235,216874
1,38.1266,215865
1,40.1293,215224
1,42.1315,214909
1,44.1334,214560
1,46.1349,214748
1,48.1359,214921
1,50.1366,214959
1,52.1369,215100
1,54.1367,215445
1,56.1362,215243
1,58.1352,215165
1,60.1339,215146
1,62.1321,214804
1,64.1299,214323
1,66.1274,214283
1,68.1244,214083
1,70.121,213932
1,72.1172,213754
1,74.113,213701
1,76.1084,213834
1,78.1033,213751
1,80.0979,213982
1,82.092,214177
1,84.0857,214087
1,86.079,214078
1,88.0719,214045
1,90.0644,213987
1,92.0564,214165
1,94.0481,213965
1,96.0393,213808
1,98.0301,213791
1,100.02,213717
1,102.01,213624
1,104,213625
1,105.989,213639
1,107.978,213704
1,109.966,213556
1,111.954,213751
1,113.941,213716
1,115.928,213583
1,117.915,213531
1,119.901,213535
1,121.887,213313
1,123.872,213172
1,125.857,213216
1,127.841,213287
1,129.825,213042
1,131.808,213042
1,133.792,213097
1,135.774,213048
1,137.756,212989
1,139.738,212951
1,141.72,212869
1,143.701,212839
1,145.681,212802
1,147.661,212942
1,149.641,212900
1,151.62,212983
1,153.599,212883
1,155.577,212785
1,157.555,212981
1,159.532,212927
1,161.509,212763
1,163.485,212889
1,165.461,212669
1,167.437,212644
1,169.412,212596
1,171.387,212543
1,173.361,212588
1,175.335,212907
1,177.308,212478
1,179.281,212659
1,181.254,212802
1,183.226,212736
1,185.197,212726
1,187.168,212808
1,189.139,212803
1,191.109,213101
1,193.079,212910
1,195.048,212975
1,197.017,213123
1,198.985,213095
1,200.953,213243
1,202.921,213205
1,204.888,213185
1,206.854,213310
1,208.82,213318
1,210.786,213161
1,212.751,213020
1,214.716,212859
1,216.68,212957
1,218.643,212774
1,220.607,212832
1,222.57,212829
1,224.532,212956
1,226.494,212907
1,228.455,212778
1,230.416,212932
1,232.376,212759
1,234.336,213074
1,236.296,212888
1,238.255,213039
1,240.214,213175
1,242.172,213223
1,244.129,213155
1,246.086,213267
1,248.043,213299
1,249.999,213324
1,251.955,213461
1,253.91,213586
1,255.865,213849
1,257.819,213827
1,259.773,213918
1,261.726,213862
1,263.679,213990
1,265.631,214146
1,267.583,214301
1,269.534,214349
1,271.485,214547
1,273.436,214809
1,275.386,214920
1,277.335,215004
1,279.284,214858
1,281.232,215016
1,283.18,214974
1,285.128,214927
1,287.075,215055
1,289.021,214814
1,290.967,214991
1,292.913,214829
1,294.858,214963
1,296.802,215013
1,298.746,214910
1,300.69,214781
1,302.633,214716
1,304.575,214891
1,306.517,214751
1,308.459,214914
1,310.4,214911
1,312.341,214951
1,314.281,215117
1,316.22,214978
1,318.159,214882
1,320.098,215119
1,322.036,215020
1,323.973,215107
1,325.91,215165
1,327.847,215242
1,329.783,215320
1,331.718,215348
1,333.653,215275
1,335.588,215379
1,337.522,215427
1,339.455,215395
1,341.388,215466
1,343.321,215490
1,345.253,215491
1,347.184,215482
1,349.115,215611
1,351.045,215664
1,352.975,215537
1,354.905,215794
1,356.833,215925
1,358.762,215794
1,360.69,215837
1,362.617,215770
1,364.544,215847
1,366.47,215972
1,368.396,216182
1,370.321,215928
1,372.246,216097
1,374.17,216071
1,376.093,216263
1,378.017,216186
1,379.939,216176
1,381.861,216399
1,383.783,216341
1,385.704,216358
1,387.625,216289
1,389.545,216361
1,391.464,216516
1,393.383,216628
1,395.301,216681
1,397.219,216590
1,399.137,216528
1,401.053,216755
1,402.97,216472
1,404.886,216818
1,406.801,216900
1,408.715,216842
1,410.63,216896
1,412.543,217024
1,414.456,217000
1,416.369,217115
1,418.281,217014
1,420.192,216972
1,422.103,216920
1,424.014,217020
1,425.924,217179
1,427.833,217086
1,429.742,216980
1,431.65,217038
1,433.558,216982
1,435.465,217169
1,437.372,217119
1,439.278,217142
1,441.183,217156
1,443.088,217126
1,444.993,217053
1,446.897,217150
1,448.8,216963
1,450.703,216997
1,452.605,217353
1,454.507,217206
1,456.408,217384
1,458.309,217138
1,460.209,217545
1,462.108,217674
1,464.007,217395
1,465.906,217632
1,467.804,217593
1,469.701,217775
1,471.598,217798
1,473.494,217900
1,475.39,217920
1,477.285,218079
1,479.179,218296
1,481.073,217977
1,482.967,218266
1,484.859,218240
1,486.752,218166
1,488.644,218158
1,490.535,218291
1,492.425,218024
1,494.315,218154
1,496.205,218278
1,498.094,218201
1,499.982,218134
1,501.87,218025
1,503.757,218097
1,505.644,218085
1,507.53,217901
1,509.416,217619
1,511.301,217746
1,513.185,217706
1,515.069,217777
1,516.952,217790
1,518.835,217921
1,520.717,217808
1,522.599,217700
1,524.48,217564
1,526.36,217677
1,528.24,217654
1,530.12,217564
1,531.998,217565
1,533.876,217673
1,535.754,217722
1,537.631,217954
1,539.507,217833
1,541.383,217963
1,543.259,217705
1,545.133,217948
1,547.007,217839
1,548.881,217893
1,550.754,217828
1,552.626,217907
1,554.498,217864
1,556.369,217874
1,558.24,217881
1,560.11,217859
1,561.98,217883
1,563.848,217804
1,565.717,217875
1,567.584,217970
1,569.452,217746
1,571.318,217832
1,573.184,217860
1,575.05,217773
1,576.914,217819
1,578.779,217921
1,580.642,217696
1,582.505,217795
1,584.368,217678
1,586.229,217685
1,588.091,217678
1,589.951,217704
1,591.811,217917
1,593.671,217774
1,595.53,217800
1,597.388,217933
1,599.246,217979
1,601.103,217896
1,602.96,217912
1,604.815,217905
1,606.671,217921
1,608.525,218016
1,610.38,217931
1,612.233,217847
1,614.086,217965
1,615.938,217972
1,617.79,217887
1,619.641,217915
1,621.492,217856
1,623.342,218266
1,625.191,217975
1,627.04,218082
1,628.888,218170
1,630.735,218128
1,632.582,218296
1,634.429,218097
1,636.274,218049
1,638.119,218033
1,639.964,218158
1,641.808,218018
1,643.651,218261
1,645.494,218342
1,647.336,218473
1,649.177,218469
1,651.018,218505
1,652.858,218582
1,654.698,218526
1,656.537,218575
1,658.375,218684
1,660.213,218780
1,662.05,218708
1,663.887,218627
1,665.723,218776
1,667.558,218807
1,669.393,218787
1,671.227,218695
1,673.06,218839
1,674.893,218687
1,676.726,218808
1,678.557,218882
1,680.388,218594
1,682.219,218559
1,684.048,218792
1,685.877,218547
1,687.706,218521
1,689.534,218603
1,691.361,218640
1,693.188,218417
1,695.014,218527
1,696.839,218520
1,698.664,218614
1,700.488,218432
1,702.312,218341
1,704.135,218472
1,705.957,218512
1,707.779,218460
1,709.6,218387
1,711.42,218450
1,713.24,218503
1,715.059,218560
1,716.877,218375
1,718.695,218494
1,720.513,218371
1,722.329,218427
1,724.145,218508
1,725.961,218478
1,727.775,218578
1,729.589,218615
1,731.403,218482
1,733.216,218613
1,735.028,218532
1,736.839,218474
1,738.65,218459
1,740.461,218473
1,742.27,218518
1,744.079,218639
1,745.888,218586
1,747.695,218502
1,749.503,218622
1,751.309,218664
1,753.115,218735
1,754.92,218752
1,756.724,218719
1,758.528,218764
1,760.332,218593
1,762.134,218636
1,763.936,218612
1,765.738,218737
1,767.538,218747
1,769.338,218732
1,771.138,218776
1,772.936,218656
1,774.734,218833
1,776.532,218779
1,778.329,218802
1,780.125,218723
1,781.92,218815
1,783.715,218878
1,785.509,218919
1,787.303,219098
1,789.096,218930
1,790.888,219140
1,792.68,219046
1,794.471,219139
1,796.261,219072
1,798.051,219390
1,799.84,219357
1,801.628,219490
1,803.416,219640
1,805.203,220047
1,806.989,219800
1,808.775,219882
1,810.56,220074
1,812.344,220236
1,814.128,220122
1,815.911,220247
1,817.693,220458
1,819.475,220692
1,821.256,220545
1,823.037,220709
1,824.817,220932
1,826.596,220840
1,828.374,220718
1,830.152,221033
1,831.929,221185
1,833.706,221268
1,835.481,221429
1,837.256,221483
1,839.031,221642
1,840.805,221563
1,842.578,221620
1,844.35,221688
1,846.122,221956
1,847.893,221983
1,849.664,221933
1,851.434,222005
1,853.203,221980
1,854.971,221821
1,856.739,221554
1,858.506,221429
1,860.273,221390
1,862.039,221339
1,863.804,220925
1,865.568,220798
1,867.332,220738
1,869.095,220511
1,870.858,220384
1,872.619,220090
1,874.38,220055
1,876.141,219964
1,877.901,219798
1,879.66,219727
1,881.418,219572
1,883.176,219402
1,884.933,219459
1,886.689,219401
1,888.445,219353
1,890.2,219388
1,891.954,219218
1,893.708,219349
1,895.461,219382
1,897.213,219535
1,898.965,219635
1,900.716,219543
1,902.466,219763
1,904.215,219768
1,905.964,219806
1,907.712,220055
1,909.46,220010
1,911.207,219996
1,912.953,220119
1,914.698,220219
1,916.443,222297
1,918.187,221036
1,919.931,221407
1,921.673,221270
1,923.415,221694
1,925.157,221172
1,926.897,220746
1,928.637,219981
1,930.377,219962
1,932.115,219671
1,933.853,219538
1,935.59,219565
1,937.327,219211
1,939.063,219378
1,940.798,219337
1,942.532,219271
1,944.266,219104
1,945.999,219843
1,947.731,220510
1,949.463,221009
1,951.194,220560
1,952.924,219844
1,954.654,219254
1,956.382,219156
1,958.111,219034
1,959.838,219349
1,961.565,219369
1,963.291,219166
1,965.016,219375
1,966.741,219264
1,968.465,219526
1,970.188,219369
1,971.911,219547
1,973.633,219643
1,975.354,219547
1,977.074,219407
1,978.794,219557
1,980.513,219512
1,982.232,219460
1,983.949,219302
1,985.666,219392
1,987.383,219514
1,989.098,219404
1,990.813,219263
1,992.527,219411
1,994.241,219418
1,995.953,219479
1,997.665,219429
1,999.377,219587
1,1001.09,219436
1,1002.8,219604
1,1004.51,219543
1,1006.21,219477
1,1007.92,219546
1,1009.63,219623
1,1011.34,219716
1,1013.04,219877
1,1014.75,219870
1,1016.45,220090
1,1018.15,220053
1,1019.86,220299
1,1021.56,220564
1,1023.26,220680
1,1024.96,220738
1,1026.66,220827
1,1028.36,221247
1,1030.06,221490
1,1031.76,221335
1,1033.45,221611
1,1035.15,222007
1,1036.85,222009
1,1038.54,222152
1,1040.23,222233
1,1041.93,222726
1,1043.62,222611
1,1045.31,222870
1,1047,222841
1,1048.69,223083
1,1050.38,222922
1,1052.07,222993
1,1053.76,223160
1,1055.45,223023
1,1057.14,223022
1,1058.82,223041
1,1060.51,222898
1,1062.19,222858
1,1063.88,222818
1,1065.56,222673
1,1067.24,222630
1,1068.93,222303
1,1070.61,222490
1,1072.29,222391
1,1073.97,222209
1,1075.65,222106
1,1077.32,222064
1,1079,222094
1,1080.68,222044
1,1082.35,222050
1,1084.03,221901
1,1085.7,221880
1,1087.38,221779
1,1089.05,221753
1,1090.72,222010
1,1092.4,221867
1,1094.07,221889
1,1095.74,221856
1,1097.41,221748
1,1099.08,221867
1,1100.74,221937
1,1102.41,221791
1,1104.08,222069
1,1105.74,221868
1,1107.41,221953
1,1109.07,221776
1,1110.74,221722
1,1112.4,221738
1,1114.06,221652
1,1115.72,221599
1,1117.38,221394
1,1119.04,221215
1,1120.7,221050
1,1122.36,221043
1,1124.02,220947
1,1125.68,220667
1,1127.33,220574
1,1128.99,220471
1,1130.64,220345
1,1132.3,220366
1,1133.95,220076
1,1135.6,220075
1,1137.25,220070
1,1138.91,219971
1,1140.56,219987
1,1142.21,220097
1,1143.85,219963
1,1145.5,219835
1,1147.15,219922
1,1148.8,219955
1,1150.44,220064
1,1152.09,219922
1,1153.73,219889
1,1155.38,220021
1,1157.02,219952
1,1158.66,220018
1,1160.3,220101
1,1161.94,220070
1,1163.58,219976
1,1165.22,220154
1,1166.86,220131
1,1168.5,220186
1,1170.13,220164
1,1171.77,220095
1,1173.41,220037
1,1175.04,220062
1,1176.67,219991
1,1178.31,220210
1,1179.94,219959
1,1181.57,220258
1,1183.2,220360
1,1184.83,220334
1,1186.46,220451
1,1188.09,220327
1,1189.72,220180
1,1191.35,220441
1,1192.97,220520
1,1194.6,220529
1,1196.22,220682
1,1197.85,221808
1,1199.47,221721
1,1201.09,221000
1,1202.71,220794
1,1204.33,220607
1,1205.96,220675
1,1207.57,220690
1,1209.19,220960
1,1210.81,220942
1,1212.43,220735
1,1214.04,220836
1,1215.66,220961
1,1217.28,220914
1,1218.89,220696
1,1220.5,221014
1,1222.12,220903
1,1223.73,221069
1,1225.34,221113
1,1226.95,221167
1,1228.56,221204
1,1230.17,221097
1,1231.78,221018
1,1233.38,221576
1,1234.99,221297
1,1236.6,221450
1,1238.2,221410
1,1239.8,221600
1,1241.41,221510
1,1243.01,221528
1,1244.61,221863
1,1246.21,221900
1,1247.81,221544
1,1249.41,221805
1,1251.01,221747
1,1252.61,221707
1,1254.21,221740
1,1255.8,221809
1,1257.4,221766
1,1259,221720
1,1260.59,221877
1,1262.18,221758
1,1263.78,221971
1,1265.37,221870
1,1266.96,221859
1,1268.55,221462
1,1270.14,221749
1,1271.73,221542
1,1273.32,221702
1,1274.9,221775
1,1276.49,221417
1,1278.07,221462
1,1279.66,221810
1,1281.24,221658
1,1282.83,221409
1,1284.41,221324
1,1285.99,221725
1,1287.57,221315
1,1289.15,221518
1,1290.73,221455
1,1292.31,221647
1,1293.89,221707
1,1295.47,221331
1,1297.04,221310
1,1298.62,221591
1,1300.19,221400
1,1301.77,221404
1,1303.34,221485
1,1304.91,221368
1,1306.48,221459
1,1308.05,221548
1,1309.62,221567
1,1311.19,221709
1,1312.76,221616
1,1314.33,221635
1,1315.9,221448
1,1317.46,221608
1,1319.03,221357
1,1320.59,221383
1,1322.16,221415
1,1323.72,221419
1,1325.28,221474
1,1326.84,221445
1,1328.4,221368
1,1329.96,221260
1,1331.52,221383
1,1333.08,221447
1,1334.64,221422
1,1336.2,221444
1,1337.75,221346
1,1339.31,221132
1,1340.86,221223
1,1342.41,221435
1,1343.97,221304
1,1345.52,221452
1,1347.07,221461
1,1348.62,221507
1,1350.17,221507
1,1351.72,221309
1,1353.27,221344
1,1354.81,221511
1,1356.36,221251
1,1357.91,221495
1,1359.45,221424
1,1361,221303
1,1362.54,221428
1,1364.08,221496
1,1365.62,221307
1,1367.16,221567
1,1368.7,221540
1,1370.24,221589
1,1371.78,221489
1,1373.32,221400
1,1374.86,221487
1,1376.39,221292
1,1377.93,221493
1,1379.46,221413
1,1380.99,221586
1,1382.53,221281
1,1384.06,221305
1,1385.59,221441
1,1387.12,221253
1,1388.65,221458
1,1390.18,221334
1,1391.71,221567
1,1393.23,221394
1,1394.76,221431
1,1396.29,221381
1,1397.81,221400
1,1399.34,221097
1,1400.86,221278
1,1402.38,221224
1,1403.9,221352
1,1405.42,221395
1,1406.94,221433
1,1408.46,221436
1,1409.98,221541
1,1411.5,221482
1,1413.02,221410
1,1414.53,221463
1,1416.05,221133
1,1417.56,221158
1,1419.07,221383
1,1420.59,221526
1,1422.1,221297
1,1423.61,221421
1,1425.12,221318
1,1426.63,221257
1,1428.14,221333
1,1429.65,221518
1,1431.15,221477
1,1432.66,221297
1,1434.16,221360
1,1435.67,221504
1,1437.17,221465
1,1438.68,221285
1,1440.18,221545
1,1441.68,221547
1,1443.18,221705
1,1444.68,221902
1,1446.18,221936
1,1447.68,221960
1,1449.17,222083
1,1450.67,222313
1,1452.17,222739
1,1453.66,222731
1,1455.15,223134
1,1456.65,223406
1,1458.14,223437
1,1459.63,223878
1,1461.12,223939
1,1462.61,223932
1,1464.1,224022
1,1465.59,224134
1,1467.08,223987
1,1468.56,223945
1,1470.05,224127
1,1471.53,223807
1,1473.02,223315
1,1474.5,223373
1,1475.98,223072
1,1477.47,223021
1,1478.95,222483
1,1480.43,222371
1,1481.91,222208
1,1483.38,222028
1,1484.86,221695
1,1486.34,221425
1,1487.81,221374
1,1489.29,221356
1,1490.76,220959
1,1492.24,221041
1,1493.71,221050
1,1495.18,220912
1,1496.65,220945
1,1498.12,220873
1,1499.59,220799
1,1501.06,220839
1,1502.53,220681
1,1503.99,220714
1,1505.46,220757
1,1506.93,220828
1,1508.39,220820
1,1509.85,220848
1,1511.32,220704
1,1512.78,220909
1,1514.24,220727
1,1515.7,220728
1,1517.16,220706
1,1518.62,220660
1,1520.07,220718
1,1521.53,220642
1,1522.99,220682
1,1524.44,220603
1,1525.9,220793
1,1527.35,220709
1,1528.8,220698
1,1530.26,220614
1,1531.71,220691
1,1533.16,220664
1,1534.61,220760
1,1536.05,220800
1,1537.5,220646
1,1538.95,220692
1,1540.39,220684
1,1541.84,220813
1,1543.28,220602
1,1544.73,220683
1,1546.17,220793
1,1547.61,220569
1,1549.05,220810
1,1550.49,220766
1,1551.93,220641
1,1553.37,220657
1,1554.81,220681
1,1556.25,220768
1,1557.68,220553
1,1559.12,220819
1,1560.55,220693
1,1561.98,220594
1,1563.42,220778
1,1564.85,220627
1,1566.28,220691
1,1567.71,220641
1,1569.14,220708
1,1570.57,220837
1,1571.99,220737
1,1573.42,220630
1,1574.85,220892
1,1576.27,220911
1,1577.7,220650
1,1579.12,220758
1,1580.54,220661
1,1581.96,220802
1,1583.38,220811
1,1584.8,220690
1,1586.22,220874
1,1587.64,220772
1,1589.06,220748
1,1590.47,220775
1,1591.89,220589
1,1593.31,220733
1,1594.72,220863
1,1596.13,220815
1,1597.54,220692
1,1598.96,220844
1,1600.37,220723
1,1601.78,220777
1,1603.19,220985
1,1604.59,220902
1,1606,220927
1,1607.41,220814
1,1608.81,220819
1,1610.22,221148
1,1611.62,220800
1,1613.02,220908
1,1614.43,220935
1,1615.83,220819
1,1617.23,220728
1,1618.63,220900
1,1620.03,220758
1,1621.42,220887
1,1622.82,220851
1,1624.22,220912
1,1625.61,220890
1,1627.01,220898
1,1628.4,220910
1,1629.79,220998
1,1631.18,221005
1,1632.57,220716
1,1633.96,220850
1,1635.35,221054
1,1636.74,221130
1,1638.13,220922
1,1639.52,220997
1,1640.9,221007
1,1642.29,220887
1,1643.67,221065
1,1645.05,220969
1,1646.44,221158
1,1647.82,221057
1,1649.2,220875
1,1650.58,220927
1,1651.96,220900
1,1653.34,221091
1,1654.71,221082
1,1656.09,220886
1,1657.46,220797
1,1658.84,221157
1,1660.21,221041
1,1661.59,220958
1,1662.96,221149
1,1664.33,220893
1,1665.7,220886
1,1667.07,220919
1,1668.44,221089
1,1669.8,221097
1,1671.17,221079
1,1672.54,220708
1,1673.9,220962
1,1675.27,220854
1,1676.63,221041
1,1677.99,220951
1,1679.35,220915
1,1680.72,221010
1,1682.08,220963
1,1683.43,220863
1,1684.79,220998
1,1686.15,220859
1,1687.51,220768
1,1688.86,220953
1,1690.22,220796
1,1691.57,220851
1,1692.92,221020
1,1694.27,220704
1,1695.63,220955
1,1696.98,221102
1,1698.33,220955
1,1699.67,220818
1,1701.02,220899
1,1702.37,220917
1,1703.71,220953
1,1705.06,220902
1,1706.4,220775
1,1707.75,220915
1,1709.09,220937
1,1710.43,220928
1,1711.77,220781
1,1713.11,220674
1,1714.45,220746
1,1715.79,220654
1,1717.13,220701
1,1718.46,220941
1,1719.8,220761
1,1721.13,220774
1,1722.47,220793
1,1723.8,220797
1,1725.13,220849
1,1726.46,220782
1,1727.79,220549
1,1729.12,220840
1,1730.45,220882
1,1731.78,220661
1,1733.1,220568
1,1734.43,220627
1,1735.76,220692
1,1737.08,220623
1,1738.4,220727
1,1739.72,220821
1,1741.05,221041
1,1742.37,220794
1,1743.69,220804
1,1745,220815
1,1746.32,220915
1,1747.64,221009
1,1748.96,220660
1,1750.27,221034
1,1751.59,220941
1,1752.9,220856
1,1754.21,220985
1,1755.52,220782
1,1756.83,220954
1,1758.14,220891
1,1759.45,220868
1,1760.76,220699
1,1762.07,220827
1,1763.37,221036
1,1764.68,220859
1,1765.98,220951
1,1767.29,220780
1,1768.59,220845
1,1769.89,220957
1,1771.19,220905
1,1772.49,220877
1,1773.79,220923
1,1775.09,221050
1,1776.39,220967
1,1777.69,220794
1,1778.98,220926
1,1780.28,220755
1,1781.57,221040
1,1782.86,220917
1,1784.16,220943
1,1785.45,220943
1,1786.74,220897
1,1788.03,220793
1,1789.32,220933
1,1790.6,221169
1,1791.89,220907
1,1793.18,220937
1,1794.46,221049
1,1795.75,220955
1,1797.03,220746
1,1798.31,221053
1,1799.59,221093
1,1800.87,220898
1,1802.15,220882
1,1803.43,220848
1,1804.71,220878
1,1805.99,221034
1,1807.26,220853
1,1808.54,221080
1,1809.81,220965
1,1811.08,220727
1,1812.36,220949
1,1813.63,220846
1,1814.9,220933
1,1816.17,221032
1,1817.44,220971
1,1818.71,220914
1,1819.97,220916
1,1821.24,220947
1,1822.5,220990
1,1823.77,221052
1,1825.03,220858
1,1826.3,221089
1,1827.56,221036
1,1828.82,221032
1,1830.08,220839
1,1831.34,220741
1,1832.59,220935
1,1833.85,220760
1,1835.11,220686
1,1836.36,220849
1,1837.62,220595
1,1838.87,220908
1,1840.12,220710
1,1841.38,220497
1,1842.63,220701
1,1843.88,220830
1,1845.13,220772
1,1846.37,220741
1,1847.62,220707
1,1848.87,220734
1,1850.11,220872
1,1851.36,220796
1,1852.6,220730
1,1853.84,220869
1,1855.09,220891
1,1856.33,220677
1,1857.57,220933
1,1858.81,220717
1,1860.04,220508
1,1861.28,220535
1,1862.52,220747
1,1863.75,220758
1,1864.99,220715
1,1866.22,220703
1,1867.45,220552
1,1868.69,220712
1,1869.92,220617
1,1871.15,220451
1,1872.38,220606
1,1873.6,220798
1,1874.83,220572
1,1876.06,220685
1,1877.28,220766
1,1878.51,220398
1,1879.73,220687
1,1880.95,220826
1,1882.18,220403
1,1883.4,220435
1,1884.62,220286
1,1885.84,220284
1,1887.05,220367
1,1888.27,220352
1,1889.49,220228
1,1890.7,220426
1,1891.92,220199
1,1893.13,220050
1,1894.34,220097
1,1895.56,219720
1,1896.77,218758
1,1897.98,252047
