1,-398.209,854609
1,-396.141,853992
1,-394.073,854360
1,-392.005,853642
1,-389.938,854712
1,-387.87,854176
1,-385.803,855046
1,-383.736,855129
1,-381.67,855400
1,-379.603,854565
1,-377.537,853845
1,-375.471,854968
1,-373.405,854973
1,-371.34,855464
1,-369.275,855541
1,-367.21,855148
1,-365.145,854993
1,-363.08,856535
1,-361.016,855251
1,-358.951,855025
1,-356.887,854619
1,-354.824,855778
1,-352.76,856021
1,-350.697,855941
1,-348.634,854987
1,-346.571,856845
1,-344.508,855171
1,-342.446,856381
1,-340.384,855260
1,-338.322,855641
1,-336.26,855531
1,-334.198,855019
1,-332.137,855785
1,-330.076,855546
1,-328.016,854861
1,-325.955,855637
1,-323.895,856375
1,-321.835,855188
1,-319.775,855553
1,-317.715,855096
1,-315.656,855495
1,-313.597,855362
1,-311.538,856962
1,-309.48,859790
1,-307.421,856675
1,-305.363,856216
1,-303.305,857090
1,-301.248,855937
1,-299.191,857277
1,-297.134,855751
1,-295.077,855237
1,-293.02,855802
1,-290.964,856531
1,-288.908,856663
1,-286.852,856232
1,-284.797,857056
1,-282.741,857992
1,-280.686,858992
1,-278.632,856782
1,-276.577,856035
1,-274.523,856476
1,-272.469,857333
1,-270.415,858216
1,-268.362,856375
1,-266.309,856741
1,-264.256,856582
1,-262.203,856965
1,-260.151,856416
1,-258.099,856397
1,-256.047,857106
1,-253.995,858098
1,-251.944,857832
1,-249.893,858961
1,-247.842,865805
1,-245.792,859072
1,-243.742,857776
1,-241.692,858907
1,-239.642,856763
1,-237.593,858245
1,-235.544,858439
1,-233.495,858416
1,-231.447,858582
1,-229.398,857959
1,-227.351,857802
1,-225.303,856833
1,-223.256,857477
1,-221.209,859894
1,-219.162,859234
1,-217.115,858833
1,-215.069,859775
1,-213.023,858837
1,-210.978,859975
1,-208.932,859096
1,-206.887,859366
1,-204.843,860926
1,-202.798,861304
1,-200.754,862464
1,-198.71,862138
1,-196.667,864051
1,-194.623,863256
1,-192.58,865923
1,-190.538,867696
1,-188.495,866948
1,-186.453,869168
1,-184.412,868714
1,-182.37,869703
1,-180.329,871942
1,-178.288,872283
1,-176.248,872831
1,-174.208,873201
1,-172.168,874126
1,-170.128,873467
1,-168.089,873321
1,-166.05,874405
1,-164.011,873267
1,-161.973,873869
1,-159.935,875592
1,-157.897,874477
1,-155.86,875582
1,-153.823,874202
1,-151.786,874590
1,-149.75,873871
1,-147.713,875101
1,-145.678,874310
1,-143.642,874046
1,-141.607,874710
1,-139.572,874164
1,-137.538,874137
1,-135.504,874112
1,-133.47,873841
1,-131.436,874262
1,-129.403,872296
1,-127.37,873458
1,-125.338,877654
1,-123.305,873912
1,-121.273,873332
1,-119.242,873407
1,-117.211,874763
1,-115.18,874481
1,-113.149,874488
1,-111.119,874858
1,-109.089,875157
1,-107.06,876618
1,-105.03,875897
1,-103.002,878008
1,-100.973,877161
1,-98.9449,878373
1,-96.9171,878969
1,-94.8896,879900
1,-92.8624,881246
1,-90.8356,882785
1,-88.8091,884041
1,-86.783,885722
1,-84.7572,888828
1,-82.7318,889457
1,-80.7067,890635
1,-78.682,892382
1,-76.6576,896079
1,-74.6336,898392
1,-72.6099,899274
1,-70.5866,902680
1,-68.5636,905758
1,-66.541,907920
1,-64.5187,911507
1,-62.4968,915496
1,-60.4753,918454
1,-58.4541,921618
1,-56.4332,925545
1,-54.4128,929114
1,-52.3927,934496
1,-50.3729,940042
1,-48.3535,944394
1,-46.3345,951601
1,-44.3158,958190
1,-42.2975,966583
1,-40.2796,978357
1,-38.262,988257
1,-36.2448,1.00185e+006
1,-34.2279,1.0208e+006
1,-32.2115,1.04851e+006
1,-30.1954,1.08142e+006
1,-28.1796,1.12707e+006
1,-26.1643,1.19588e+006
1,-24.1493,1.322e+006
1,-22.1347,1.51964e+006
1,-20.1204,1.74214e+006
1,-18.1066,2.01473e+006
1,-16.0931,2.57967e+006
1,-14.0799,3.58771e+006
1,-12.0672,4.38689e+006
1,-10.0548,5.09399e+006
1,-8.04285,6.39121e+006
1,-6.03125,8.05875e+006
1,-4.02002,8.9533e+006
1,-2.00917,9.83876e+006
1,0.00129508,1.09948e+007
1,2.01138,1.10621e+007
1,4.02108,1.02808e+007
1,6.03039,1.00734e+007
1,8.03933,1.05303e+007
1,10.0479,1.03916e+007
1,12.056,9.79589e+006
1,14.0638,8.97396e+006
1,16.0712,7.51167e+006
1,18.0782,5.39697e+006
1,20.0848,3.58477e+006
1,22.091,2.3474e+006
1,24.0968,1.65468e+006
1,26.1023,1.36352e+006
1,28.1073,1.23894e+006
1,30.112,1.16251e+006
1,32.1162,1.10328e+006
1,34.1201,1.05659e+006
1,36.1235,1.01874e+006
1,38.1266,994104
1,40.1293,974057
1,42.1315,962789
1,44.1334,957190
1,46.1349,956946
1,48.1359,959541
1,50.1366,963095
1,52.1369,966486
1,54.1367,969794
1,56.1362,969438
1,58.1352,964733
1,60.1339,961802
1,62.1321,956135
1,64.1299,945945
1,66.1274,942149
1,68.1244,934039
1,70.121,928777
1,72.1172,924644
1,74.113,924789
1,76.1084,929022
1,78.1033,931172
1,80.0979,932373
1,82.092,934565
1,84.0857,934045
1,86.079,930815
1,88.0719,926395
1,90.0644,926047
1,92.0564,921100
1,94.0481,920031
1,96.0393,917629
1,98.0301,917629
1,100.02,917483
1,102.01,917917
1,104,919411
1,105.989,922306
1,107.978,924749
1,109.966,925348
1,111.954,926423
1,113.941,925195
1,115.928,924914
1,117.915,922836
1,119.901,918277
1,121.887,915541
1,123.872,913269
1,125.857,910234
1,127.841,907343
1,129.825,907028
1,131.808,905253
1,133.792,904855
1,135.774,902927
1,137.756,900461
1,139.738,897915
1,141.72,895849
1,143.701,895417
1,145.681,896833
1,147.661,897581
1,149.641,897442
1,151.62,897771
1,153.599,896687
1,155.577,897928
1,157.555,897213
1,159.532,896013
1,161.509,895839
1,163.485,893241
1,165.461,890115
1,167.437,889346
1,169.412,887883
1,171.387,887710
1,173.361,888218
1,175.335,889911
1,177.308,887289
1,179.281,888314
1,181.254,889108
1,183.226,889317
1,185.197,891194
1,187.168,891999
1,189.139,891361
1,191.109,894505
1,193.079,894724
1,195.048,896893
1,197.017,898733
1,198.985,899503
1,200.953,903532
1,202.921,905654
1,204.888,903468
1,206.854,903688
1,208.82,903603
1,210.786,900988
1,212.751,897209
1,214.716,895021
1,216.68,900619
1,218.643,890991
1,220.607,889408
1,222.57,888252
1,224.532,886747
1,226.494,887026
1,228.455,886096
1,230.416,887591
1,232.376,889227
1,234.336,892107
1,236.296,890210
1,238.255,890190
1,240.214,890101
1,242.172,890377
1,244.129,890313
1,246.086,889773
1,248.043,890432
1,249.999,890335
1,251.955,891409
1,253.91,893632
1,255.865,893841
1,257.819,895727
1,259.773,896029
1,261.726,896171
1,263.679,898871
1,265.631,901372
1,267.583,903533
1,269.534,905017
1,271.485,909850
1,273.436,911695
1,275.386,910161
1,277.335,908205
1,279.284,908781
1,281.232,908371
1,283.18,907343
1,285.128,905998
1,287.075,909330
1,289.021,903745
1,290.967,903111
1,292.913,900351
1,294.858,898991
1,296.802,897797
1,298.746,895697
1,300.69,894835
1,302.633,892875
1,304.575,892915
1,306.517,890612
1,308.459,890449
1,310.4,890442
1,312.341,888802
1,314.281,890251
1,316.22,888309
1,318.159,888065
1,320.098,887461
1,322.036,886827
1,323.973,886442
1,325.91,892159
1,327.847,886490
1,329.783,885765
1,331.718,887361
1,333.653,886372
1,335.588,886784
1,337.522,886632
1,339.455,885748
1,341.388,886303
1,343.321,887301
1,345.253,886396
1,347.184,886424
1,349.115,886322
1,351.045,887544
1,352.975,887058
1,354.905,888191
1,356.833,887917
1,358.762,886646
1,360.69,887958
1,362.617,887951
1,364.544,888033
1,366.47,887104
1,368.396,889626
1,370.321,888161
1,372.246,889897
1,374.17,889568
1,376.093,888887
1,378.017,890853
1,379.939,889753
1,381.861,890528
1,383.783,891396
1,385.704,891957
1,387.625,891112
1,389.545,892332
1,391.464,892271
1,393.383,891827
1,395.301,891290
1,397.219,890425
1,399.137,890432
1,401.053,892217
1,402.97,892894
1,404.886,892945
1,406.801,895686
1,408.715,895251
1,410.63,895166
1,412.543,897245
1,414.456,897913
1,416.369,900834
1,418.281,897817
1,420.192,905240
1,422.103,900794
1,424.014,901949
1,425.924,902638
1,427.833,903833
1,429.742,903808
1,431.65,904448
1,433.558,904060
1,435.465,904115
1,437.372,905719
1,439.278,904929
1,441.183,906215
1,443.088,904953
1,444.993,904023
1,446.897,905161
1,448.8,902494
1,450.703,901262
1,452.605,901258
1,454.507,900446
1,456.408,899875
1,458.309,897917
1,460.209,897106
1,462.108,896904
1,464.007,895488
1,465.906,895704
1,467.804,893853
1,469.701,894216
1,471.598,892277
1,473.494,892378
1,475.39,891256
1,477.285,892422
1,479.179,891915
1,481.073,890516
1,482.967,890794
1,484.859,890533
1,486.752,895467
1,488.644,892072
1,490.535,891346
1,492.425,890532
1,494.315,889761
1,496.205,891351
1,498.094,891221
1,499.982,890712
1,501.87,890842
1,503.757,890932
1,505.644,891213
1,507.53,889753
1,509.416,889315
1,511.301,888731
1,513.185,890751
1,515.069,890806
1,516.952,892853
1,518.835,890862
1,520.717,889502
1,522.599,889881
1,524.48,890134
1,526.36,890075
1,528.24,890120
1,530.12,889696
1,531.998,889976
1,533.876,891134
1,535.754,892681
1,537.631,888983
1,539.507,889448
1,541.383,890199
1,543.259,889541
1,545.133,888311
1,547.007,889852
1,548.881,889578
1,550.754,889977
1,552.626,889103
1,554.498,890301
1,556.369,889433
1,558.24,888989
1,560.11,889062
1,561.98,888375
1,563.848,888482
1,565.717,889541
1,567.584,888646
1,569.452,888284
1,571.318,888151
1,573.184,888159
1,575.05,887991
1,576.914,886808
1,578.779,888687
1,580.642,887961
1,582.505,886478
1,584.368,884064
1,586.229,886175
1,588.091,884810
1,589.951,884535
1,591.811,884328
1,593.671,885415
1,595.53,885706
1,597.388,884711
1,599.246,886684
1,601.103,884791
1,602.96,885273
1,604.815,888134
1,606.671,885048
1,608.525,885054
1,610.38,884279
1,612.233,885730
1,614.086,885425
1,615.938,885705
1,617.79,885362
1,619.641,885521
1,621.492,886949
1,623.342,885655
1,625.191,886024
1,627.04,887013
1,628.888,887746
1,630.735,891382
1,632.582,887701
1,634.429,886893
1,636.274,886655
1,638.119,886395
1,639.964,884695
1,641.808,885675
1,643.651,885640
1,645.494,885049
1,647.336,885591
1,649.177,886722
1,651.018,886174
1,652.858,887321
1,654.698,888407
1,656.537,888373
1,658.375,887564
1,660.213,888385
1,662.05,890516
1,663.887,887696
1,665.723,889214
1,667.558,889279
1,669.393,888739
1,671.227,887543
1,673.06,887120
1,674.893,888265
1,676.726,885828
1,678.557,888116
1,680.388,886124
1,682.219,887239
1,684.048,887703
1,685.877,887086
1,687.706,886449
1,689.534,886138
1,691.361,887543
1,693.188,886948
1,695.014,886815
1,696.839,887236
1,698.664,886878
1,700.488,886218
1,702.312,886083
1,704.135,888113
1,705.957,886326
1,707.779,887478
1,709.6,886237
1,711.42,885938
1,713.24,888264
1,715.059,886947
1,716.877,887126
1,718.695,888252
1,720.513,888716
1,722.329,888650
1,724.145,888954
1,725.961,889061
1,727.775,890884
1,729.589,890770
1,731.403,890718
1,733.216,889468
1,735.028,889889
1,736.839,890463
1,738.65,890147
1,740.461,890857
1,742.27,889184
1,744.079,890835
1,745.888,890680
1,747.695,890470
1,749.503,891434
1,751.309,890515
1,753.115,889396
1,754.92,888159
1,756.724,888255
1,758.528,888586
1,760.332,887459
1,762.134,889083
1,763.936,888694
1,765.738,888495
1,767.538,888343
1,769.338,889714
1,771.138,888705
1,772.936,889235
1,774.734,888996
1,776.532,890530
1,778.329,888728
1,780.125,888445
1,781.92,887769
1,783.715,889203
1,785.509,889879
1,787.303,889754
1,789.096,890332
1,790.888,891896
1,792.68,891114
1,794.471,891126
1,796.261,892405
1,798.051,891660
1,799.84,891523
1,801.628,891949
1,803.416,892067
1,805.203,892853
1,806.989,892600
1,808.775,892700
1,810.56,891636
1,812.344,892984
1,814.128,892875
1,815.911,893190
1,817.693,892787
1,819.475,898341
1,821.256,893179
1,823.037,893395
1,824.817,895136
1,826.596,894584
1,828.374,894231
1,830.152,895948
1,831.929,895395
1,833.706,896188
1,835.481,897298
1,837.256,898239
1,839.031,898743
1,840.805,899982
1,842.578,901638
1,844.35,902235
1,846.122,904119
1,847.893,906817
1,849.664,910956
1,851.434,913028
1,853.203,921564
1,854.971,923959
1,856.739,932257
1,858.506,944503
1,860.273,959323
1,862.039,975809
1,863.804,995924
1,865.568,1.01457e+006
1,867.332,1.03721e+006
1,869.095,1.05608e+006
1,870.858,1.07366e+006
1,872.619,1.08925e+006
1,874.38,1.10259e+006
1,876.141,1.11257e+006
1,877.901,1.12022e+006
1,879.66,1.12363e+006
1,881.418,1.12691e+006
1,883.176,1.12318e+006
1,884.933,1.11404e+006
1,886.689,1.09891e+006
1,888.445,1.08081e+006
1,890.2,1.05753e+006
1,891.954,1.03289e+006
1,893.708,1.00922e+006
1,895.461,986150
1,897.213,968321
1,898.965,951639
1,900.716,937784
1,902.466,929547
1,904.215,921177
1,905.964,917398
1,907.712,912453
1,909.46,910640
1,911.207,907913
1,912.953,907715
1,914.698,906114
1,916.443,933781
1,918.187,902841
1,919.931,901487
1,921.673,900263
1,923.415,900841
1,925.157,899093
1,926.897,898746
1,928.637,898395
1,930.377,898235
1,932.115,897430
1,933.853,897715
1,935.59,897404
1,937.327,895935
1,939.063,895104
1,940.798,896071
1,942.532,895161
1,944.266,896883
1,945.999,896356
1,947.731,895934
1,949.463,895134
1,951.194,894808
1,952.924,895072
1,954.654,895381
1,956.382,896544
1,958.111,895310
1,959.838,895820
1,961.565,896767
1,963.291,896283
1,965.016,896103
1,966.741,894884
1,968.465,896029
1,970.188,894920
1,971.911,896254
1,973.633,896388
1,975.354,897366
1,977.074,895991
1,978.794,897647
1,980.513,897480
1,982.232,898957
1,983.949,898939
1,985.666,899127
1,987.383,900536
1,989.098,900675
1,990.813,901049
1,992.527,902606
1,994.241,901413
1,995.953,902217
1,997.665,902669
1,999.377,904535
1,1001.09,904438
1,1002.8,905053
1,1004.51,906267
1,1006.21,906584
1,1007.92,905765
1,1009.63,907189
1,1011.34,907494
1,1013.04,909172
1,1014.75,910278
1,1016.45,912806
1,1018.15,914054
1,1019.86,917258
1,1021.56,919514
1,1023.26,921984
1,1024.96,926069
1,1026.66,930691
1,1028.36,936828
1,1030.06,939252
1,1031.76,945708
1,1033.45,952881
1,1035.15,961316
1,1036.85,967374
1,1038.54,973521
1,1040.23,979687
1,1041.93,986221
1,1043.62,991138
1,1045.31,996343
1,1047,998853
1,1048.69,999279
1,1050.38,998137
1,1052.07,998165
1,1053.76,994698
1,1055.45,990144
1,1057.14,985741
1,1058.82,981258
1,1060.51,975945
1,1062.19,971109
1,1063.88,965959
1,1065.56,964648
1,1067.24,963551
1,1068.93,961145
1,1070.61,964986
1,1072.29,965128
1,1073.97,968753
1,1075.65,972583
1,1077.32,976475
1,1079,982148
1,1080.68,987946
1,1082.35,993304
1,1084.03,999386
1,1085.7,1.0057e+006
1,1087.38,1.00919e+006
1,1089.05,1.01454e+006
1,1090.72,1.01593e+006
1,1092.4,1.018e+006
1,1094.07,1.01795e+006
1,1095.74,1.01411e+006
1,1097.41,1.00942e+006
1,1099.08,1.00435e+006
1,1100.74,997904
1,1102.41,991802
1,1104.08,984610
1,1105.74,976454
1,1107.41,969282
1,1109.07,963195
1,1110.74,957050
1,1112.4,953816
1,1114.06,951274
1,1115.72,947472
1,1117.38,943769
1,1119.04,941586
1,1120.7,940438
1,1122.36,938966
1,1124.02,935603
1,1125.68,933156
1,1127.33,929900
1,1128.99,926904
1,1130.64,925751
1,1132.3,922810
1,1133.95,921146
1,1135.6,919508
1,1137.25,918908
1,1138.91,916076
1,1140.56,915029
1,1142.21,914109
1,1143.85,914544
1,1145.5,912819
1,1147.15,912227
1,1148.8,911382
1,1150.44,911361
1,1152.09,910822
1,1153.73,912167
1,1155.38,909731
1,1157.02,908789
1,1158.66,907845
1,1160.3,908156
1,1161.94,907689
1,1163.58,907602
1,1165.22,907595
1,1166.86,906061
1,1168.5,905600
1,1170.13,906409
1,1171.77,905956
1,1173.41,904766
1,1175.04,905145
1,1176.67,905529
1,1178.31,907275
1,1179.94,904248
1,1181.57,905086
1,1183.2,905225
1,1184.83,905026
1,1186.46,905048
1,1188.09,906287
1,1189.72,905794
1,1191.35,904933
1,1192.97,906472
1,1194.6,905949
1,1196.22,905737
1,1197.85,905859
1,1199.47,905304
1,1201.09,905270
1,1202.71,905863
1,1204.33,905388
1,1205.96,908677
1,1207.57,904970
1,1209.19,905447
1,1210.81,907479
1,1212.43,906593
1,1214.04,906648
1,1215.66,905896
1,1217.28,906561
1,1218.89,907956
1,1220.5,906642
1,1222.12,908662
1,1223.73,908828
1,1225.34,909587
1,1226.95,909910
1,1228.56,909797
1,1230.17,909352
1,1231.78,912273
1,1233.38,914374
1,1234.99,912143
1,1236.6,913063
1,1238.2,911410
1,1239.8,912879
1,1241.41,914596
1,1243.01,915605
1,1244.61,917148
1,1246.21,917166
1,1247.81,918533
1,1249.41,920278
1,1251.01,921670
1,1252.61,922681
1,1254.21,924498
1,1255.8,926256
1,1257.4,930401
1,1259,932464
1,1260.59,936081
1,1262.18,940640
1,1263.78,944578
1,1265.37,948076
1,1266.96,951149
1,1268.55,957060
1,1270.14,961073
1,1271.73,963381
1,1273.32,963840
1,1274.9,964642
1,1276.49,963509
1,1278.07,962057
1,1279.66,959485
1,1281.24,955348
1,1282.83,950344
1,1284.41,947061
1,1285.99,943263
1,1287.57,939249
1,1289.15,934637
1,1290.73,933290
1,1292.31,930918
1,1293.89,929974
1,1295.47,928064
1,1297.04,924414
1,1298.62,925764
1,1300.19,924402
1,1301.77,922987
1,1303.34,922047
1,1304.91,921035
1,1306.48,921340
1,1308.05,919998
1,1309.62,921248
1,1311.19,921150
1,1312.76,920075
1,1314.33,919802
1,1315.9,918619
1,1317.46,919734
1,1319.03,918415
1,1320.59,918280
1,1322.16,919012
1,1323.72,919550
1,1325.28,919049
1,1326.84,918705
1,1328.4,919450
1,1329.96,919916
1,1331.52,918961
1,1333.08,919581
1,1334.64,918426
1,1336.2,919185
1,1337.75,919978
1,1339.31,919326
1,1340.86,919588
1,1342.41,919298
1,1343.97,920242
1,1345.52,920684
1,1347.07,920286
1,1348.62,922296
1,1350.17,921684
1,1351.72,920547
1,1353.27,921176
1,1354.81,922406
1,1356.36,921046
1,1357.91,922597
1,1359.45,922371
1,1361,923345
1,1362.54,925225
1,1364.08,924339
1,1365.62,925573
1,1367.16,929821
1,1368.7,927053
1,1370.24,929142
1,1371.78,929908
1,1373.32,932092
1,1374.86,936278
1,1376.39,932061
1,1377.93,933609
1,1379.46,934190
1,1380.99,936129
1,1382.53,934993
1,1384.06,936124
1,1385.59,936654
1,1387.12,936716
1,1388.65,938089
1,1390.18,938512
1,1391.71,938402
1,1393.23,939217
1,1394.76,940221
1,1396.29,940390
1,1397.81,941837
1,1399.34,943316
1,1400.86,943889
1,1402.38,944945
1,1403.9,946079
1,1405.42,946258
1,1406.94,949704
1,1408.46,949891
1,1409.98,950319
1,1411.5,951867
1,1413.02,953961
1,1414.53,956739
1,1416.05,957446
1,1417.56,959058
1,1419.07,961459
1,1420.59,963586
1,1422.1,965555
1,1423.61,967876
1,1425.12,969604
1,1426.63,972438
1,1428.14,975657
1,1429.65,978901
1,1431.15,983100
1,1432.66,986169
1,1434.16,992196
1,1435.67,998160
1,1437.17,1.00504e+006
1,1438.68,1.01266e+006
1,1440.18,1.02022e+006
1,1441.68,1.03081e+006
1,1443.18,1.04162e+006
1,1444.68,1.05265e+006
1,1446.18,1.06521e+006
1,1447.68,1.0763e+006
1,1449.17,1.08603e+006
1,1450.67,1.09348e+006
1,1452.17,1.09885e+006
1,1453.66,1.10234e+006
1,1455.15,1.10066e+006
1,1456.65,1.09503e+006
1,1458.14,1.0881e+006
1,1459.63,1.0766e+006
1,1461.12,1.06569e+006
1,1462.61,1.05051e+006
1,1464.1,1.03783e+006
1,1465.59,1.02803e+006
1,1467.08,1.01802e+006
1,1468.56,1.01044e+006
1,1470.05,1.00605e+006
1,1471.53,999111
1,1473.02,997309
1,1474.5,995331
1,1475.98,993306
1,1477.47,993257
1,1478.95,994248
1,1480.43,993406
1,1481.91,992959
1,1483.38,990958
1,1484.86,988832
1,1486.34,987647
1,1487.81,981975
1,1489.29,977693
1,1490.76,972969
1,1492.24,969465
1,1493.71,963005
1,1495.18,959576
1,1496.65,956068
1,1498.12,952068
1,1499.59,949721
1,1501.06,947747
1,1502.53,944503
1,1503.99,943066
1,1505.46,941801
1,1506.93,939898
1,1508.39,938688
1,1509.85,935917
1,1511.32,934490
1,1512.78,936146
1,1514.24,933239
1,1515.7,933051
1,1517.16,931319
1,1518.62,930453
1,1520.07,931012
1,1521.53,928374
1,1522.99,929296
1,1524.44,926228
1,1525.9,926900
1,1527.35,926432
1,1528.8,925237
1,1530.26,924535
1,1531.71,922989
1,1533.16,924280
1,1534.61,922017
1,1536.05,923208
1,1537.5,920994
1,1538.95,920563
1,1540.39,920783
1,1541.84,919990
1,1543.28,919173
1,1544.73,919285
1,1546.17,919340
1,1547.61,917878
1,1549.05,917053
1,1550.49,916790
1,1551.93,917027
1,1553.37,916750
1,1554.81,916219
1,1556.25,916912
1,1557.68,915865
1,1559.12,917189
1,1560.55,915263
1,1561.98,914666
1,1563.42,914719
1,1564.85,914046
1,1566.28,914475
1,1567.71,913152
1,1569.14,913924
1,1570.57,914072
1,1571.99,912126
1,1573.42,913478
1,1574.85,915288
1,1576.27,913089
1,1577.7,912799
1,1579.12,915108
1,1580.54,916433
1,1581.96,916032
1,1583.38,916113
1,1584.8,915001
1,1586.22,916649
1,1587.64,913536
1,1589.06,912270
1,1590.47,911789
1,1591.89,911816
1,1593.31,910837
1,1594.72,911242
1,1596.13,911506
1,1597.54,911051
1,1598.96,911144
1,1600.37,911266
1,1601.78,911819
1,1603.19,913349
1,1604.59,911571
1,1606,911537
1,1607.41,912245
1,1608.81,911392
1,1610.22,911924
1,1611.62,911454
1,1613.02,911189
1,1614.43,911778
1,1615.83,913622
1,1617.23,911534
1,1618.63,911256
1,1620.03,910023
1,1621.42,911080
1,1622.82,910437
1,1624.22,910964
1,1625.61,909794
1,1627.01,910045
1,1628.4,908926
1,1629.79,910110
1,1631.18,909786
1,1632.57,908769
1,1633.96,908746
1,1635.35,908323
1,1636.74,909405
1,1638.13,908209
1,1639.52,908377
1,1640.9,910100
1,1642.29,908439
1,1643.67,908315
1,1645.05,908571
1,1646.44,916872
1,1647.82,907525
1,1649.2,908237
1,1650.58,908392
1,1651.96,907228
1,1653.34,908442
1,1654.71,907218
1,1656.09,906948
1,1657.46,906841
1,1658.84,908512
1,1660.21,907496
1,1661.59,906373
1,1662.96,907899
1,1664.33,908523
1,1665.7,907162
1,1667.07,907447
1,1668.44,906364
1,1669.8,906508
1,1671.17,908207
1,1672.54,907712
1,1673.9,906555
1,1675.27,906559
1,1676.63,906716
1,1677.99,907614
1,1679.35,906486
1,1680.72,906535
1,1682.08,907420
1,1683.43,907398
1,1684.79,906173
1,1686.15,905983
1,1687.51,906802
1,1688.86,907812
1,1690.22,906256
1,1691.57,906575
1,1692.92,905838
1,1694.27,906086
1,1695.63,908761
1,1696.98,908786
1,1698.33,906423
1,1699.67,906638
1,1701.02,908121
1,1702.37,908089
1,1703.71,907433
1,1705.06,906662
1,1706.4,905685
1,1707.75,905942
1,1709.09,906259
1,1710.43,906498
1,1711.77,906421
1,1713.11,905324
1,1714.45,905986
1,1715.79,905613
1,1717.13,905388
1,1718.46,905347
1,1719.8,905024
1,1721.13,905341
1,1722.47,904777
1,1723.8,904841
1,1725.13,905021
1,1726.46,905125
1,1727.79,903956
1,1729.12,904193
1,1730.45,905175
1,1731.78,904724
1,1733.1,903684
1,1734.43,904962
1,1735.76,906337
1,1737.08,904210
1,1738.4,903811
1,1739.72,903446
1,1741.05,903939
1,1742.37,903148
1,1743.69,904455
1,1745,904729
1,1746.32,903906
1,1747.64,903241
1,1748.96,904628
1,1750.27,906002
1,1751.59,903743
1,1752.9,904553
1,1754.21,903227
1,1755.52,903109
1,1756.83,903334
1,1758.14,903587
1,1759.45,903437
1,1760.76,902754
1,1762.07,904604
1,1763.37,903348
1,1764.68,901722
1,1765.98,901947
1,1767.29,903763
1,1768.59,902819
1,1769.89,900978
1,1771.19,902764
1,1772.49,902530
1,1773.79,902342
1,1775.09,902678
1,1776.39,902349
1,1777.69,902322
1,1778.98,902644
1,1780.28,900960
1,1781.57,904088
1,1782.86,902487
1,1784.16,903002
1,1785.45,904632
1,1786.74,903952
1,1788.03,901498
1,1789.32,903228
1,1790.6,902186
1,1791.89,901792
1,1793.18,901958
1,1794.46,903340
1,1795.75,902705
1,1797.03,902685
1,1798.31,901429
1,1799.59,901520
1,1800.87,902682
1,1802.15,900900
1,1803.43,900690
1,1804.71,901326
1,1805.99,902454
1,1807.26,900592
1,1808.54,901983
1,1809.81,901437
1,1811.08,899931
1,1812.36,900341
1,1813.63,899942
1,1814.9,900416
1,1816.17,900720
1,1817.44,900210
1,1818.71,900853
1,1819.97,902167
1,1821.24,900679
1,1822.5,900075
1,1823.77,902366
1,1825.03,900431
1,1826.3,899999
1,1827.56,900497
1,1828.82,900462
1,1830.08,900078
1,1831.34,899954
1,1832.59,899124
1,1833.85,899814
1,1835.11,900398
1,1836.36,900032
1,1837.62,899389
1,1838.87,899012
1,1840.12,901322
1,1841.38,898829
1,1842.63,899313
1,1843.88,899999
1,1845.13,898447
1,1846.37,899576
1,1847.62,899579
1,1848.87,899707
1,1850.11,898839
1,1851.36,898031
1,1852.6,898920
1,1853.84,900833
1,1855.09,901039
1,1856.33,898011
1,1857.57,898123
1,1858.81,898205
1,1860.04,897731
1,1861.28,898653
1,1862.52,900069
1,1863.75,899251
1,1864.99,898612
1,1866.22,897766
1,1867.45,898665
1,1868.69,898707
1,1869.92,898175
1,1871.15,897279
1,1872.38,899367
1,1873.6,898612
1,1874.83,898307
1,1876.06,898954
1,1877.28,898671
1,1878.51,898279
1,1879.73,897610
1,1880.95,898481
1,1882.18,897184
1,1883.4,897273
1,1884.62,897075
1,1885.84,896979
1,1887.05,895898
1,1888.27,897112
1,1889.49,895383
1,1890.7,896024
1,1891.92,895995
1,1893.13,894722
1,1894.34,895976
1,1895.56,894577
1,1896.77,889288
1,1897.98,1.02305e+006
