1,1,84232
1,2,84196
1,3,84074
1,4,84162
1,5,84695
1,6,84711
1,7,84964
1,8,84998
1,9,85196
1,10,84973
1,11,84536
1,12,85207
1,13,85203
1,14,85569
1,15,86029
1,16,85697
1,17,85739
1,18,86708
1,19,86058
1,20,86323
1,21,86040
1,22,86854
1,23,87601
1,24,88276
1,25,88530
1,26,89240
1,27,88220
1,28,88709
1,29,88257
1,30,88660
1,31,88778
1,32,88660
1,33,89203
1,34,89094
1,35,89201
1,36,89723
1,37,90057
1,38,89682
1,39,90155
1,40,90250
1,41,90651
1,42,90829
1,43,91880
1,44,93523
1,45,92190
1,46,92214
1,47,93038
1,48,92674
1,49,93347
1,50,92754
1,51,92907
1,52,93437
1,53,93764
1,54,93725
1,55,93848
1,56,94585
1,57,95239
1,58,96118
1,59,95000
1,60,94859
1,61,95230
1,62,96049
1,63,96619
1,64,95849
1,65,95660
1,66,96118
1,67,96813
1,68,97106
1,69,97423
1,70,97854
1,71,98755
1,72,99333
1,73,101057
1,74,104753
1,75,102775
1,76,103948
1,77,105349
1,78,105593
1,79,107216
1,80,107285
1,81,106944
1,82,106397
1,83,105612
1,84,105193
1,85,104988
1,86,105576
1,87,107579
1,88,107918
1,89,109135
1,90,110722
1,91,111778
1,92,114459
1,93,118005
1,94,122837
1,95,130641
1,96,140039
1,97,153618
1,98,171234
1,99,192827
1,100,214030
1,101,235240
1,102,253773
1,103,271033
1,104,292335
1,105,315765
1,106,340774
1,107,362178
1,108,372937
1,109,376814
1,110,376964
1,111,378666
1,112,381499
1,113,384800
1,114,386089
1,115,387235
1,116,387962
1,117,388641
1,118,388670
1,119,386594
1,120,382609
1,121,384282
1,122,385664
1,123,380355
1,124,376445
1,125,373529
1,126,369863
1,127,367172
1,128,359409
1,129,351986
1,130,341222
1,131,333317
1,132,327619
1,133,326226
1,134,324422
1,135,318617
1,136,315395
1,137,314343
1,138,311486
1,139,307840
1,140,304750
1,141,306760
1,142,309534
1,143,314723
1,144,320843
1,145,325597
1,146,329368
1,147,333593
1,148,339305
1,149,346352
1,150,356374
1,151,367955
1,152,382416
1,153,398526
1,154,414078
1,155,429647
1,156,444784
1,157,464883
1,158,482863
1,159,497685
1,160,516407
1,161,537408
1,162,562030
1,163,589251
1,164,616685
1,165,645916
1,166,673501
1,167,703495
1,168,744348
1,169,785296
1,170,831474
1,171,891540
1,172,968806
1,173,1.04954e+006
1,174,1.14521e+006
1,175,1.2846e+006
1,176,1.46154e+006
1,177,1.63801e+006
1,178,1.86015e+006
1,179,2.22529e+006
1,180,2.79742e+006
1,181,3.34757e+006
1,182,3.63383e+006
1,183,3.88051e+006
1,184,4.21939e+006
1,185,4.60705e+006
1,186,4.88487e+006
1,187,5.25132e+006
1,188,5.99064e+006
1,189,6.5535e+006
1,190,6.5535e+006
1,191,6.5535e+006
1,192,6.5535e+006
1,193,6.5535e+006
1,194,6.5535e+006
1,195,6.5535e+006
1,196,6.5535e+006
1,197,6.5535e+006
1,198,6.5535e+006
1,199,6.5535e+006
1,200,6.5535e+006
1,201,6.5535e+006
1,202,6.5535e+006
1,203,6.5535e+006
1,204,6.5535e+006
1,205,6.5535e+006
1,206,6.5535e+006
1,207,6.31408e+006
1,208,5.64557e+006
1,209,5.19964e+006
1,210,4.80295e+006
1,211,4.48362e+006
1,212,4.25456e+006
1,213,4.00425e+006
1,214,3.63734e+006
1,215,3.27447e+006
1,216,2.84583e+006
1,217,2.48857e+006
1,218,2.29909e+006
1,219,2.16995e+006
1,220,2.10988e+006
1,221,2.15361e+006
1,222,2.25111e+006
1,223,2.34852e+006
1,224,2.36991e+006
1,225,2.39246e+006
1,226,2.35005e+006
1,227,2.20742e+006
1,228,1.96778e+006
1,229,1.80131e+006
1,230,1.63725e+006
1,231,1.48922e+006
1,232,1.36728e+006
1,233,1.32137e+006
1,234,1.32631e+006
1,235,1.34069e+006
1,236,1.34736e+006
1,237,1.33966e+006
1,238,1.33305e+006
1,239,1.34436e+006
1,240,1.34801e+006
1,241,1.32759e+006
1,242,1.30382e+006
1,243,1.27812e+006
1,244,1.25401e+006
1,245,1.22408e+006
1,246,1.20964e+006
1,247,1.21042e+006
1,248,1.23445e+006
1,249,1.26554e+006
1,250,1.30253e+006
1,251,1.33534e+006
1,252,1.36759e+006
1,253,1.38185e+006
1,254,1.35129e+006
1,255,1.29474e+006
1,256,1.23253e+006
1,257,1.17282e+006
1,258,1.12147e+006
1,259,1.07142e+006
1,260,1.03511e+006
1,261,1.02025e+006
1,262,1.00616e+006
1,263,987619
1,264,958549
1,265,919576
1,266,882312
1,267,853420
1,268,842060
1,269,845236
1,270,852610
1,271,866321
1,272,876662
1,273,874593
1,274,870035
1,275,855126
1,276,836838
1,277,814059
1,278,787428
1,279,752262
1,280,717574
1,281,684132
1,282,667430
1,283,665259
1,284,678223
1,285,700427
1,286,736577
1,287,772270
1,288,802032
1,289,830633
1,290,861701
1,291,889622
1,292,930440
1,293,984712
1,294,1.04324e+006
1,295,1.08144e+006
1,296,1.11332e+006
1,297,1.15865e+006
1,298,1.1874e+006
1,299,1.19506e+006
1,300,1.20022e+006
1,301,1.18171e+006
1,302,1.11174e+006
1,303,1.02375e+006
1,304,960634
1,305,907888
1,306,846927
1,307,802941
1,308,773066
1,309,741116
1,310,715897
1,311,709631
1,312,717159
1,313,735316
1,314,760953
1,315,778486
1,316,785076
1,317,786464
1,318,788743
1,319,789895
1,320,782173
1,321,777425
1,322,778203
1,323,795908
1,324,817488
1,325,829601
1,326,844860
1,327,866090
1,328,896066
1,329,930034
1,330,973669
1,331,1.02587e+006
1,332,1.0874e+006
1,333,1.14794e+006
1,334,1.19253e+006
1,335,1.20204e+006
1,336,1.19446e+006
1,337,1.17564e+006
1,338,1.16254e+006
1,339,1.13084e+006
1,340,1.09541e+006
1,341,1.04466e+006
1,342,976568
1,343,906358
1,344,849297
1,345,807678
1,346,775429
1,347,740076
1,348,701068
1,349,662223
1,350,627724
1,351,596944
1,352,565024
1,353,535855
1,354,511068
1,355,494301
1,356,480455
1,357,463899
1,358,448221
1,359,433268
1,360,419217
1,361,405212
1,362,394834
1,363,390481
1,364,386453
1,365,382362
1,366,378674
1,367,374045
1,368,371904
1,369,366854
1,370,362498
1,371,359898
1,372,357018
1,373,354441
1,374,354135
1,375,354487
1,376,356581
1,377,359588
1,378,362463
1,379,365127
1,380,366542
1,381,366653
1,382,365963
1,383,365977
1,384,366256
1,385,371323
1,386,376911
1,387,384825
1,388,395654
1,389,409276
1,390,423932
1,391,428943
1,392,422797
1,393,416368
1,394,405923
1,395,387444
1,396,365792
1,397,357559
1,398,352296
1,399,345052
1,400,339721
1,401,335719
1,402,334725
1,403,335044
1,404,334509
1,405,336131
1,406,334103
1,407,329119
1,408,325353
1,409,318759
1,410,316671
1,411,315828
1,412,315152
1,413,312271
1,414,309629
1,415,304203
1,416,300890
1,417,298531
1,418,299697
1,419,303235
1,420,308648
1,421,312702
1,422,313532
1,423,315800
1,424,320461
1,425,317472
1,426,317675
1,427,324128
1,428,331406
1,429,339448
1,430,343273
1,431,342504
1,432,339979
1,433,338044
1,434,339749
1,435,342723
1,436,347652
1,437,349517
1,438,353827
1,439,353021
1,440,352262
1,441,350990
1,442,346758
1,443,345283
1,444,344893
1,445,346265
1,446,347765
1,447,348297
1,448,349080
1,449,346585
1,450,347250
1,451,345902
1,452,346127
1,453,350322
1,454,354826
1,455,356732
1,456,353234
1,457,345582
1,458,340184
1,459,339581
1,460,344929
1,461,355337
1,462,361632
1,463,358664
1,464,348532
1,465,338103
1,466,334308
1,467,337807
1,468,344714
1,469,348342
1,470,344985
1,471,339545
1,472,333208
1,473,330136
1,474,328491
1,475,326510
1,476,326452
1,477,327034
1,478,325201
1,479,321734
1,480,316271
1,481,314770
1,482,311813
1,483,309636
1,484,309645
1,485,306232
1,486,302419
1,487,292934
1,488,284301
1,489,285550
1,490,289610
1,491,291884
1,492,284155
1,493,263796
1,494,244286
1,495,227620
1,496,216540
1,497,208832
1,498,204805
1,499,198857
1,500,194882
1,501,192645
1,502,194137
1,503,197148
1,504,202199
1,505,203735
1,506,201271
1,507,198100
1,508,197206
1,509,195409
1,510,197706
1,511,199584
1,512,199050
1,513,194846
1,514,192278
1,515,192726
1,516,197875
1,517,205208
1,518,209404
1,519,211444
1,520,212619
1,521,216005
1,522,219946
1,523,218508
1,524,197164
1,525,172956
1,526,165870
1,527,149976
1,528,144249
1,529,144032
1,530,144660
1,531,145497
1,532,148377
1,533,149855
1,534,159971
1,535,171684
1,536,162345
1,537,163087
1,538,169137
1,539,160402
1,540,166160
1,541,187742
1,542,184617
1,543,178187
1,544,162602
1,545,158706
1,546,153544
1,547,148120
1,548,148184
1,549,143444
1,550,145639
1,551,148214
1,552,145791
1,553,141563
1,554,137138
1,555,136609
1,556,135102
1,557,134251
1,558,134523
1,559,133969
1,560,133868
1,561,134078
1,562,135182
1,563,134451
1,564,134338
1,565,134236
1,566,133847
1,567,135192
1,568,134188
1,569,134776
1,570,135962
1,571,137223
1,572,137800
1,573,138847
1,574,139361
1,575,140204
1,576,141076
1,577,140762
1,578,140563
1,579,140491
1,580,140688
1,581,141167
1,582,140802
1,583,140354
1,584,140462
1,585,140146
1,586,139272
1,587,138493
1,588,136908
1,589,135160
1,590,133987
1,591,133043
1,592,132137
1,593,130490
1,594,130275
1,595,129669
1,596,128818
1,597,128667
1,598,129050
1,599,128464
1,600,128406
1,601,127889
1,602,128481
1,603,127258
1,604,127308
1,605,126839
1,606,127423
1,607,127089
1,608,127260
1,609,126861
1,610,127278
1,611,126540
1,612,126617
1,613,126591
1,614,126371
1,615,126092
1,616,126079
1,617,125886
1,618,125966
1,619,125134
1,620,125311
1,621,124739
1,622,125178
1,623,124790
1,624,124645
1,625,124263
1,626,125103
1,627,124012
1,628,124016
1,629,124471
1,630,124020
1,631,123416
1,632,123648
1,633,123036
1,634,123074
1,635,122937
1,636,122848
1,637,122341
1,638,121984
1,639,122007
1,640,121740
1,641,121162
1,642,121655
1,643,122389
1,644,121420
1,645,121365
1,646,120819
1,647,120290
1,648,120155
1,649,119836
1,650,119788
1,651,120404
1,652,119024
1,653,119730
1,654,119962
1,655,119456
1,656,119113
1,657,118445
1,658,117866
1,659,117506
1,660,116487
1,661,117424
1,662,117388
1,663,116338
1,664,116136
1,665,116008
1,666,115217
1,667,115317
1,668,115465
1,669,115002
1,670,116443
1,671,115725
1,672,115430
1,673,115808
1,674,114961
1,675,115477
1,676,115427
1,677,115898
1,678,115454
1,679,116048
1,680,116060
1,681,129537
1,682,115360
1,683,115252
1,684,115238
1,685,115419
1,686,114747
1,687,115058
1,688,114885
1,689,115291
1,690,115214
1,691,115167
1,692,114989
1,693,114301
1,694,113980
1,695,114244
1,696,114274
1,697,114388
1,698,114480
1,699,113719
1,700,113379
1,701,113113
1,702,113402
1,703,113451
1,704,113926
1,705,113079
1,706,114078
1,707,113966
1,708,113471
1,709,113017
1,710,112502
1,711,113088
1,712,112820
1,713,113209
1,714,113608
1,715,114069
1,716,113189
1,717,113708
1,718,113259
1,719,113840
1,720,113771
1,721,113391
1,722,114268
1,723,114313
1,724,113901
1,725,114833
1,726,114014
1,727,114310
1,728,114059
1,729,114404
1,730,114520
1,731,114045
1,732,114444
1,733,113757
1,734,113165
1,735,113428
1,736,112812
1,737,113128
1,738,112856
1,739,113067
1,740,112508
1,741,113144
1,742,112749
1,743,112700
1,744,112998
1,745,113927
1,746,114172
1,747,112349
1,748,112348
1,749,112943
1,750,113414
1,751,113160
1,752,112740
1,753,112566
1,754,112742
1,755,112299
1,756,113034
1,757,112990
1,758,111966
1,759,111986
1,760,112741
1,761,112434
1,762,111951
1,763,112061
1,764,112173
1,765,111973
1,766,111888
1,767,111551
1,768,111942
1,769,112662
1,770,111388
1,771,112263
1,772,112332
1,773,112155
1,774,111923
1,775,111689
1,776,111761
1,777,111679
1,778,111540
1,779,111774
1,780,111879
1,781,111685
1,782,111886
1,783,111969
1,784,112249
1,785,113215
1,786,111949
1,787,111700
1,788,111600
1,789,111623
1,790,112398
1,791,112170
1,792,111920
1,793,111944
1,794,111782
1,795,111588
1,796,112119
1,797,112569
1,798,111698
1,799,111689
1,800,111596
1,801,112280
1,802,112749
1,803,112303
1,804,111725
1,805,111285
1,806,111595
1,807,112081
1,808,111921
1,809,111791
1,810,111475
1,811,112020
1,812,111836
1,813,111856
1,814,111659
1,815,112338
1,816,111602
1,817,111987
1,818,111953
1,819,112186
1,820,112523
1,821,112830
1,822,112122
1,823,111726
1,824,111890
1,825,111896
1,826,111824
1,827,111871
1,828,112058
1,829,111592
1,830,111499
1,831,111614
1,832,112116
1,833,111025
1,834,111579
1,835,111902
1,836,112927
1,837,111376
1,838,111426
1,839,111840
1,840,111745
1,841,111367
1,842,112135
1,843,111667
1,844,111479
1,845,111895
1,846,110902
1,847,111413
1,848,111636
1,849,111274
1,850,111102
1,851,111221
1,852,110850
1,853,112351
1,854,110566
1,855,110570
1,856,111211
1,857,110682
1,858,110756
1,859,110360
1,860,110341
1,861,110330
1,862,110077
1,863,110745
1,864,110519
1,865,110645
1,866,110642
1,867,110561
1,868,109900
1,869,111010
1,870,112022
1,871,110062
1,872,110039
1,873,109418
1,874,109696
1,875,110079
1,876,110078
1,877,110071
1,878,109863
1,879,110466
1,880,110540
1,881,110714
1,882,110277
1,883,110263
1,884,109959
1,885,110626
1,886,110380
1,887,110222
1,888,110374
1,889,110078
1,890,110018
1,891,109464
1,892,110361
1,893,110177
1,894,110147
1,895,109485
1,896,109533
1,897,109579
1,898,110137
1,899,109758
1,900,110032
1,901,109428
1,902,109636
1,903,110150
1,904,110009
1,905,109288
1,906,109938
1,907,110467
1,908,110766
1,909,110152
1,910,109152
1,911,110490
1,912,110168
1,913,109696
1,914,109597
1,915,109473
1,916,109877
1,917,109216
1,918,109788
1,919,109875
1,920,109658
1,921,109529
1,922,108840
1,923,109554
1,924,109139
1,925,109083
1,926,109270
1,927,109429
1,928,109570
1,929,110796
1,930,111788
1,931,112028
1,932,110646
1,933,110964
1,934,110188
1,935,110350
1,936,110692
1,937,109939
1,938,109377
1,939,108934
1,940,108826
1,941,109173
1,942,108906
1,943,109845
1,944,109680
1,945,108757
1,946,108770
1,947,109064
1,948,108740
1,949,109100
1,950,108995
1,951,109144
1,952,109422
1,953,108606
1,954,108902
1,955,110568
1,956,108769
1,957,109476
1,958,108742
1,959,109187
1,960,111138
1,961,108779
1,962,108618
1,963,108543
1,964,108670
1,965,107946
1,966,108127
1,967,108012
1,968,107854
1,969,108698
1,970,109417
1,971,108840
1,972,108454
1,973,107892
1,974,107953
1,975,108026
1,976,108672
1,977,108343
1,978,107876
1,979,107944
1,980,107805
1,981,108731
1,982,107940
1,983,107454
1,984,107434
1,985,107548
1,986,107994
1,987,107867
1,988,107433
1,989,108080
1,990,107923
1,991,107979
1,992,107900
1,993,107453
1,994,107883
1,995,107465
1,996,107767
1,997,107859
1,998,107277
1,999,107665
1,1000,107259
1,1001,107585
1,1002,107954
1,1003,107357
1,1004,107388
1,1005,107618
1,1006,107455
1,1007,108387
1,1008,107663
1,1009,108142
1,1010,107636
1,1011,107672
1,1012,107610
1,1013,107779
1,1014,107416
1,1015,107816
1,1016,107173
1,1017,108367
1,1018,106994
1,1019,106958
1,1020,107087
1,1021,107114
1,1022,107171
1,1023,108120
1,1024,106359
1,1025,107209
1,1026,107315
1,1027,107179
1,1028,107297
1,1029,107953
1,1030,107502
1,1031,107794
1,1032,107418
1,1033,107347
1,1034,108543
1,1035,107187
1,1036,107370
1,1037,107527
1,1038,107588
1,1039,106712
1,1040,107316
1,1041,107201
1,1042,107374
1,1043,107144
1,1044,107235
1,1045,106772
1,1046,106977
1,1047,107195
1,1048,107001
1,1049,107323
1,1050,106351
1,1051,106279
1,1052,108507
1,1053,106954
1,1054,107492
1,1055,107101
1,1056,107056
1,1057,107452
1,1058,106717
1,1059,107466
1,1060,106502
1,1061,107495
1,1062,107213
1,1063,106880
1,1064,106884
1,1065,106643
1,1066,107245
1,1067,106401
1,1068,107458
1,1069,106988
1,1070,106590
1,1071,106852
1,1072,106703
1,1073,106581
1,1074,106671
1,1075,107019
1,1076,106462
1,1077,105796
1,1078,106427
1,1079,106413
1,1080,106280
1,1081,106482
1,1082,106866
1,1083,106701
1,1084,107330
1,1085,106659
1,1086,106581
1,1087,106424
1,1088,106363
1,1089,106533
1,1090,106263
1,1091,106361
1,1092,106975
1,1093,105756
1,1094,106931
1,1095,108052
1,1096,106795
1,1097,107036
1,1098,108675
1,1099,109186
1,1100,109345
1,1101,109164
1,1102,108866
1,1103,108889
1,1104,107449
1,1105,106790
1,1106,106463
1,1107,106698
1,1108,106343
1,1109,106623
1,1110,106806
1,1111,106585
1,1112,106668
1,1113,106937
1,1114,106977
1,1115,107692
1,1116,107038
1,1117,106724
1,1118,106846
1,1119,106218
1,1120,106708
1,1121,106089
1,1122,106462
1,1123,106643
1,1124,107437
1,1125,106433
1,1126,106248
1,1127,105870
1,1128,106574
1,1129,106095
1,1130,106626
1,1131,106114
1,1132,106266
1,1133,105870
1,1134,106626
1,1135,106614
1,1136,106273
1,1137,106232
1,1138,106128
1,1139,106635
1,1140,106234
1,1141,105965
1,1142,106967
1,1143,105985
1,1144,106104
1,1145,106466
1,1146,107605
1,1147,105659
1,1148,106248
1,1149,106217
1,1150,105389
1,1151,105512
1,1152,105230
1,1153,105084
1,1154,105046
1,1155,105422
1,1156,104873
1,1157,104332
1,1158,105169
1,1159,105237
1,1160,104511
1,1161,104669
1,1162,104140
1,1163,104009
1,1164,104701
1,1165,104482
1,1166,104051
1,1167,103943
1,1168,103717
1,1169,103985
1,1170,103793
1,1171,103445
1,1172,103540
1,1173,103447
1,1174,103103
1,1175,102695
1,1176,103095
1,1177,103591
1,1178,102886
1,1179,102953
1,1180,102552
1,1181,102424
1,1182,103409
1,1183,103774
1,1184,102728
1,1185,102414
1,1186,102360
1,1187,102791
1,1188,102924
1,1189,102088
1,1190,101710
1,1191,101990
1,1192,101841
1,1193,102087
1,1194,102018
1,1195,101106
1,1196,101612
1,1197,101498
1,1198,101048
1,1199,101079
1,1200,100978
1,1201,101412
1,1202,101057
1,1203,100667
1,1204,100874
1,1205,100907
1,1206,100782
1,1207,100729
1,1208,100848
1,1209,100872
1,1210,100161
1,1211,100849
1,1212,101272
1,1213,100470
1,1214,100405
1,1215,100299
1,1216,100578
1,1217,100280
1,1218,100610
1,1219,100438
1,1220,100513
1,1221,100325
1,1222,100857
1,1223,101490
1,1224,100469
1,1225,100876
1,1226,100261
1,1227,100083
1,1228,99780
1,1229,100213
1,1230,100176
1,1231,99588
1,1232,100794
1,1233,100284
1,1234,99726
1,1235,99743
1,1236,100535
1,1237,99814
1,1238,99203
1,1239,99904
1,1240,99739
1,1241,99869
1,1242,99991
1,1243,99416
1,1244,99702
1,1245,99533
1,1246,98901
1,1247,100411
1,1248,99341
1,1249,99556
1,1250,100252
1,1251,100084
1,1252,98923
1,1253,99437
1,1254,99004
1,1255,99003
1,1256,98969
1,1257,99729
1,1258,99294
1,1259,99063
1,1260,98508
1,1261,98556
1,1262,99303
1,1263,98263
1,1264,98440
1,1265,98390
1,1266,98791
1,1267,98054
1,1268,98713
1,1269,98358
1,1270,97522
1,1271,97643
1,1272,97706
1,1273,98016
1,1274,98364
1,1275,97758
1,1276,97952
1,1277,98265
1,1278,97751
1,1279,97692
1,1280,98705
1,1281,97872
1,1282,97692
1,1283,98061
1,1284,97897
1,1285,97819
1,1286,97689
1,1287,97585
1,1288,97860
1,1289,98049
1,1290,97659
1,1291,97642
1,1292,96949
1,1293,98329
1,1294,97365
1,1295,97155
1,1296,97795
1,1297,97209
1,1298,97359
1,1299,97709
1,1300,98008
1,1301,97136
1,1302,97038
1,1303,97424
1,1304,98157
1,1305,98553
1,1306,97627
1,1307,96785
1,1308,97244
1,1309,97233
1,1310,97375
1,1311,97770
1,1312,97561
1,1313,97248
1,1314,97001
1,1315,97655
1,1316,97523
1,1317,96915
1,1318,96946
1,1319,97663
1,1320,97408
1,1321,97225
1,1322,97219
1,1323,97064
1,1324,97201
1,1325,96969
1,1326,97238
1,1327,96841
1,1328,96958
1,1329,97163
1,1330,97059
1,1331,96243
1,1332,96891
1,1333,96575
1,1334,96459
1,1335,96657
1,1336,96436
1,1337,96785
1,1338,96368
1,1339,95724
1,1340,107027
