1,1,245830
1,2,246480
1,3,248106
1,4,249818
1,5,252029
1,6,254453
1,7,255897
1,8,257660
1,9,259437
1,10,259736
1,11,260765
1,12,262691
1,13,265286
1,14,266628
1,15,267868
1,16,270521
1,17,273108
1,18,277029
1,19,278853
1,20,282322
1,21,286667
1,22,293344
1,23,300633
1,24,306180
1,25,308627
1,26,313479
1,27,316950
1,28,320069
1,29,322347
1,30,325452
1,31,329278
1,32,332691
1,33,336081
1,34,339847
1,35,344348
1,36,349164
1,37,351400
1,38,353846
1,39,358848
1,40,364213
1,41,367938
1,42,373271
1,43,381108
1,44,387789
1,45,390928
1,46,395661
1,47,404364
1,48,408341
1,49,412230
1,50,413969
1,51,417406
1,52,422394
1,53,427024
1,54,430272
1,55,433090
1,56,439095
1,57,446468
1,58,453758
1,59,456600
1,60,459363
1,61,465997
1,62,472285
1,63,477540
1,64,480966
1,65,482274
1,66,486564
1,67,496106
1,68,505933
1,69,514743
1,70,524755
1,71,538821
1,72,557692
1,73,580963
1,74,605377
1,75,628810
1,76,664110
1,77,691955
1,78,719400
1,79,756608
1,80,760659
1,81,742940
1,82,727034
1,83,712801
1,84,700865
1,85,690522
1,86,702387
1,87,716306
1,88,733086
1,89,755138
1,90,784762
1,91,819154
1,92,862450
1,93,927372
1,94,1.02516e+006
1,95,1.16627e+006
1,96,1.35712e+006
1,97,1.62183e+006
1,98,1.96475e+006
1,99,2.39056e+006
1,100,2.85315e+006
1,101,3.29095e+006
1,102,3.68481e+006
1,103,4.05371e+006
1,104,4.45813e+006
1,105,4.9179e+006
1,106,5.32148e+006
1,107,5.59834e+006
1,108,5.77761e+006
1,109,5.8674e+006
1,110,5.90685e+006
1,111,5.94019e+006
1,112,5.956e+006
1,113,5.96775e+006
1,114,5.99274e+006
1,115,6.04644e+006
1,116,6.10334e+006
1,117,6.11022e+006
1,118,6.10234e+006
1,119,6.10291e+006
1,120,6.10062e+006
1,121,6.10984e+006
1,122,6.13466e+006
1,123,6.125e+006
1,124,6.1023e+006
1,125,6.06019e+006
1,126,6.01114e+006
1,127,5.95972e+006
1,128,5.8435e+006
1,129,5.68513e+006
1,130,5.5293e+006
1,131,5.40232e+006
1,132,5.32332e+006
1,133,5.26534e+006
1,134,5.20257e+006
1,135,5.13144e+006
1,136,5.06858e+006
1,137,5.03338e+006
1,138,5.00423e+006
1,139,4.94917e+006
1,140,4.92143e+006
1,141,4.94567e+006
1,142,5.01112e+006
1,143,5.11327e+006
1,144,5.25064e+006
1,145,5.34035e+006
1,146,5.40863e+006
1,147,5.47724e+006
1,148,5.61074e+006
1,149,5.75376e+006
1,150,5.899e+006
1,151,6.03662e+006
1,152,6.17997e+006
1,153,6.32657e+006
1,154,6.4468e+006
1,155,6.48869e+006
1,156,6.48869e+006
1,157,6.48869e+006
1,158,6.48869e+006
1,159,6.48869e+006
1,160,6.4887e+006
1,161,6.4887e+006
1,162,6.4887e+006
1,163,6.48869e+006
1,164,6.48869e+006
1,165,6.48869e+006
1,166,6.4887e+006
1,167,6.48871e+006
1,168,6.48972e+006
1,169,6.51391e+006
1,170,6.5535e+006
1,171,6.5535e+006
1,172,6.5535e+006
1,173,6.5535e+006
1,174,6.5535e+006
1,175,6.5535e+006
1,176,6.5535e+006
1,177,6.5535e+006
1,178,6.5535e+006
1,179,6.5535e+006
1,180,6.5535e+006
1,181,6.5535e+006
1,182,6.5535e+006
1,183,6.5535e+006
1,184,6.5535e+006
1,185,6.5535e+006
1,186,6.5535e+006
1,187,6.5535e+006
1,188,6.5535e+006
1,189,6.5535e+006
1,190,6.5535e+006
1,191,6.5535e+006
1,192,6.5535e+006
1,193,6.5535e+006
1,194,6.5535e+006
1,195,6.5535e+006
1,196,6.5535e+006
1,197,6.5535e+006
1,198,6.5535e+006
1,199,6.5535e+006
1,200,6.5535e+006
1,201,6.5535e+006
1,202,6.5535e+006
1,203,6.5535e+006
1,204,6.5535e+006
1,205,6.5535e+006
1,206,6.5535e+006
1,207,6.5535e+006
1,208,6.5535e+006
1,209,6.5535e+006
1,210,6.5535e+006
1,211,6.5535e+006
1,212,6.5535e+006
1,213,6.5535e+006
1,214,6.5535e+006
1,215,6.5535e+006
1,216,6.5535e+006
1,217,6.5535e+006
1,218,6.5535e+006
1,219,6.5535e+006
1,220,6.5535e+006
1,221,6.5535e+006
1,222,6.5535e+006
1,223,6.5535e+006
1,224,6.5535e+006
1,225,6.5535e+006
1,226,6.5535e+006
1,227,6.5535e+006
1,228,6.5535e+006
1,229,6.5535e+006
1,230,6.5535e+006
1,231,6.5535e+006
1,232,6.5535e+006
1,233,6.5535e+006
1,234,6.5535e+006
1,235,6.5535e+006
1,236,6.5535e+006
1,237,6.5535e+006
1,238,6.5535e+006
1,239,6.5535e+006
1,240,6.5535e+006
1,241,6.5535e+006
1,242,6.5535e+006
1,243,6.5535e+006
1,244,6.5535e+006
1,245,6.5535e+006
1,246,6.5535e+006
1,247,6.5535e+006
1,248,6.5535e+006
1,249,6.5535e+006
1,250,6.5535e+006
1,251,6.5535e+006
1,252,6.5535e+006
1,253,6.5535e+006
1,254,6.5535e+006
1,255,6.5535e+006
1,256,6.5535e+006
1,257,6.5535e+006
1,258,6.5535e+006
1,259,6.5535e+006
1,260,6.5535e+006
1,261,6.5535e+006
1,262,6.5535e+006
1,263,6.5535e+006
1,264,6.5535e+006
1,265,6.5535e+006
1,266,6.4887e+006
1,267,6.4887e+006
1,268,6.48869e+006
1,269,6.48869e+006
1,270,6.4887e+006
1,271,6.48869e+006
1,272,6.48869e+006
1,273,6.48869e+006
1,274,6.4887e+006
1,275,6.4887e+006
1,276,6.4887e+006
1,277,6.4887e+006
1,278,6.48868e+006
1,279,6.4887e+006
1,280,6.48869e+006
1,281,6.4887e+006
1,282,6.48869e+006
1,283,6.4887e+006
1,284,6.48869e+006
1,285,6.48869e+006
1,286,6.48869e+006
1,287,6.48869e+006
1,288,6.4887e+006
1,289,6.48871e+006
1,290,6.48871e+006
1,291,6.4887e+006
1,292,6.4943e+006
1,293,6.5535e+006
1,294,6.5535e+006
1,295,6.5535e+006
1,296,6.5535e+006
1,297,6.5535e+006
1,298,6.5535e+006
1,299,6.5535e+006
1,300,6.5535e+006
1,301,6.5535e+006
1,302,6.5535e+006
1,303,6.5535e+006
1,304,6.5535e+006
1,305,6.4887e+006
1,306,6.48869e+006
1,307,6.4887e+006
1,308,6.48869e+006
1,309,6.48869e+006
1,310,6.48868e+006
1,311,6.4887e+006
1,312,6.48869e+006
1,313,6.48869e+006
1,314,6.4887e+006
1,315,6.48869e+006
1,316,6.48869e+006
1,317,6.48869e+006
1,318,6.4887e+006
1,319,6.48869e+006
1,320,6.48869e+006
1,321,6.49338e+006
1,322,6.5535e+006
1,323,6.5535e+006
1,324,6.5535e+006
1,325,6.5535e+006
1,326,6.5535e+006
1,327,6.5535e+006
1,328,6.5535e+006
1,329,6.5535e+006
1,330,6.5535e+006
1,331,6.5535e+006
1,332,6.5535e+006
1,333,6.5535e+006
1,334,6.5535e+006
1,335,6.5535e+006
1,336,6.5535e+006
1,337,6.5535e+006
1,338,6.5535e+006
1,339,6.5535e+006
1,340,6.5535e+006
1,341,6.5535e+006
1,342,6.5535e+006
1,343,6.5535e+006
1,344,6.5535e+006
1,345,6.5535e+006
1,346,6.5535e+006
1,347,6.48869e+006
1,348,6.48869e+006
1,349,6.48869e+006
1,350,6.48868e+006
1,351,6.4887e+006
1,352,6.48869e+006
1,353,6.48869e+006
1,354,6.48868e+006
1,355,6.48869e+006
1,356,6.48869e+006
1,357,6.48868e+006
1,358,6.48868e+006
1,359,6.48868e+006
1,360,6.48868e+006
1,361,6.48868e+006
1,362,6.48867e+006
1,363,6.48496e+006
1,364,6.46316e+006
1,365,6.42939e+006
1,366,6.39033e+006
1,367,6.35892e+006
1,368,6.33442e+006
1,369,6.31182e+006
1,370,6.286e+006
1,371,6.27649e+006
1,372,6.27404e+006
1,373,6.28718e+006
1,374,6.31912e+006
1,375,6.34093e+006
1,376,6.35684e+006
1,377,6.36388e+006
1,378,6.36156e+006
1,379,6.34672e+006
1,380,6.32639e+006
1,381,6.30823e+006
1,382,6.2931e+006
1,383,6.28608e+006
1,384,6.30593e+006
1,385,6.37393e+006
1,386,6.42515e+006
1,387,6.46582e+006
1,388,6.47245e+006
1,389,6.46413e+006
1,390,6.4585e+006
1,391,6.44796e+006
1,392,6.43604e+006
1,393,6.4297e+006
1,394,6.41304e+006
1,395,6.3742e+006
1,396,6.27405e+006
1,397,6.23812e+006
1,398,6.16821e+006
1,399,6.06742e+006
1,400,5.96806e+006
1,401,5.92465e+006
1,402,5.91556e+006
1,403,5.89654e+006
1,404,5.88974e+006
1,405,5.89539e+006
1,406,5.82087e+006
1,407,5.709e+006
1,408,5.56786e+006
1,409,5.45006e+006
1,410,5.37211e+006
1,411,5.33792e+006
1,412,5.32999e+006
1,413,5.28046e+006
1,414,5.2145e+006
1,415,5.13159e+006
1,416,5.08504e+006
1,417,5.07506e+006
1,418,5.08512e+006
1,419,5.16309e+006
1,420,5.29602e+006
1,421,5.33713e+006
1,422,5.34328e+006
1,423,5.35741e+006
1,424,5.36621e+006
1,425,5.32924e+006
1,426,5.32419e+006
1,427,5.43139e+006
1,428,5.59054e+006
1,429,5.72848e+006
1,430,5.80111e+006
1,431,5.79119e+006
1,432,5.76188e+006
1,433,5.72797e+006
1,434,5.77473e+006
1,435,5.87442e+006
1,436,5.95975e+006
1,437,6.04015e+006
1,438,6.08426e+006
1,439,6.06296e+006
1,440,6.01783e+006
1,441,5.96899e+006
1,442,5.90901e+006
1,443,5.86221e+006
1,444,5.85638e+006
1,445,5.88915e+006
1,446,5.93483e+006
1,447,6.00675e+006
1,448,6.03228e+006
1,449,6.02453e+006
1,450,6.01825e+006
1,451,6.00342e+006
1,452,6.0005e+006
1,453,6.02567e+006
1,454,6.05326e+006
1,455,6.02779e+006
1,456,5.95093e+006
1,457,5.85665e+006
1,458,5.78199e+006
1,459,5.77429e+006
1,460,5.89408e+006
1,461,6.08805e+006
1,462,6.17307e+006
1,463,6.08963e+006
1,464,5.94337e+006
1,465,5.73301e+006
1,466,5.64519e+006
1,467,5.73549e+006
1,468,5.88252e+006
1,469,5.97707e+006
1,470,5.9103e+006
1,471,5.76238e+006
1,472,5.65735e+006
1,473,5.60945e+006
1,474,5.56503e+006
1,475,5.51996e+006
1,476,5.49616e+006
1,477,5.44498e+006
1,478,5.36428e+006
1,479,5.26291e+006
1,480,5.16699e+006
1,481,5.11191e+006
1,482,5.05555e+006
1,483,4.96257e+006
1,484,4.97289e+006
1,485,4.91971e+006
1,486,4.86804e+006
1,487,4.66966e+006
1,488,4.49445e+006
1,489,4.5405e+006
1,490,4.67458e+006
1,491,4.7349e+006
1,492,4.56596e+006
1,493,4.12009e+006
1,494,3.64994e+006
1,495,3.28181e+006
1,496,3.02147e+006
1,497,2.86474e+006
1,498,2.74464e+006
1,499,2.61927e+006
1,500,2.53747e+006
1,501,2.48039e+006
1,502,2.48721e+006
1,503,2.56919e+006
1,504,2.67002e+006
1,505,2.7079e+006
1,506,2.66049e+006
1,507,2.5869e+006
1,508,2.54943e+006
1,509,2.5615e+006
1,510,2.61113e+006
1,511,2.63812e+006
1,512,2.61025e+006
1,513,2.52431e+006
1,514,2.47051e+006
1,515,2.4786e+006
1,516,2.57514e+006
1,517,2.69961e+006
1,518,2.78066e+006
1,519,2.80685e+006
1,520,2.83894e+006
1,521,2.95624e+006
1,522,3.10411e+006
1,523,3.17717e+006
1,524,2.77359e+006
1,525,2.26328e+006
1,526,2.11243e+006
1,527,1.74179e+006
1,528,1.59432e+006
1,529,1.58929e+006
1,530,1.62525e+006
1,531,1.65111e+006
1,532,1.7063e+006
1,533,1.7565e+006
1,534,2.07387e+006
1,535,2.33864e+006
1,536,2.09338e+006
1,537,2.17784e+006
1,538,2.31348e+006
1,539,2.09917e+006
1,540,2.25668e+006
1,541,2.78232e+006
1,542,2.72526e+006
1,543,2.55291e+006
1,544,2.17387e+006
1,545,2.07538e+006
1,546,1.92048e+006
1,547,1.79154e+006
1,548,1.76285e+006
1,549,1.68318e+006
1,550,1.71486e+006
1,551,1.75626e+006
1,552,1.69544e+006
1,553,1.58331e+006
1,554,1.47252e+006
1,555,1.44141e+006
1,556,1.39853e+006
1,557,1.37696e+006
1,558,1.36978e+006
1,559,1.35951e+006
1,560,1.3583e+006
1,561,1.37617e+006
1,562,1.3836e+006
1,563,1.38636e+006
1,564,1.38883e+006
1,565,1.40209e+006
1,566,1.40611e+006
1,567,1.42094e+006
1,568,1.43841e+006
1,569,1.48202e+006
1,570,1.52487e+006
1,571,1.57283e+006
1,572,1.63143e+006
1,573,1.68982e+006
1,574,1.73178e+006
1,575,1.75203e+006
1,576,1.78813e+006
1,577,1.80839e+006
1,578,1.83857e+006
1,579,1.85308e+006
1,580,1.86494e+006
1,581,1.87917e+006
1,582,1.87706e+006
1,583,1.8755e+006
1,584,1.86169e+006
1,585,1.8168e+006
1,586,1.76863e+006
1,587,1.69504e+006
1,588,1.63046e+006
1,589,1.54908e+006
1,590,1.47404e+006
1,591,1.4119e+006
1,592,1.34983e+006
1,593,1.29815e+006
1,594,1.26532e+006
1,595,1.24185e+006
1,596,1.21876e+006
1,597,1.20415e+006
1,598,1.19749e+006
1,599,1.18735e+006
1,600,1.17992e+006
1,601,1.17831e+006
1,602,1.17362e+006
1,603,1.16614e+006
1,604,1.16495e+006
1,605,1.15522e+006
1,606,1.1506e+006
1,607,1.14601e+006
1,608,1.1408e+006
1,609,1.13125e+006
1,610,1.12409e+006
1,611,1.11932e+006
1,612,1.1161e+006
1,613,1.11188e+006
1,614,1.1098e+006
1,615,1.10573e+006
1,616,1.1005e+006
1,617,1.09276e+006
1,618,1.08407e+006
1,619,1.07866e+006
1,620,1.07429e+006
1,621,1.07448e+006
1,622,1.06956e+006
1,623,1.06483e+006
1,624,1.06105e+006
1,625,1.05573e+006
1,626,1.0489e+006
1,627,1.04589e+006
1,628,1.04267e+006
1,629,1.03883e+006
1,630,1.03253e+006
1,631,1.02893e+006
1,632,1.02659e+006
1,633,1.02202e+006
1,634,1.0228e+006
1,635,1.02113e+006
1,636,1.01419e+006
1,637,1.01002e+006
1,638,1.00641e+006
1,639,1.00106e+006
1,640,999113
1,641,990891
1,642,988359
1,643,988138
1,644,985812
1,645,975137
1,646,967779
1,647,966594
1,648,958574
1,649,951500
1,650,951747
1,651,944621
1,652,933369
1,653,932593
1,654,929397
1,655,917434
1,656,904701
1,657,887683
1,658,866583
1,659,850383
1,660,835933
1,661,824619
1,662,820706
1,663,813317
1,664,809242
1,665,807795
1,666,806708
1,667,807668
1,668,804064
1,669,801854
1,670,799908
1,671,799608
1,672,800220
1,673,803273
1,674,804833
1,675,806666
1,676,809753
1,677,811352
1,678,810895
1,679,810984
1,680,809846
1,681,820381
1,682,801979
1,683,801340
1,684,800219
1,685,802282
1,686,802491
1,687,804965
1,688,802767
1,689,800607
1,690,793190
1,691,789845
1,692,784072
1,693,779768
1,694,772646
1,695,762226
1,696,750987
1,697,742442
1,698,733379
1,699,725141
1,700,721249
1,701,717629
1,702,714525
1,703,711222
1,704,710391
1,705,707940
1,706,706996
1,707,704630
1,708,703806
1,709,702337
1,710,702582
1,711,704067
1,712,702226
1,713,703122
1,714,704996
1,715,707160
1,716,706262
1,717,704166
1,718,701283
1,719,698519
1,720,695906
1,721,693680
1,722,694709
1,723,695234
1,724,696244
1,725,695068
1,726,693618
1,727,693877
1,728,692208
1,729,690062
1,730,688884
1,731,689161
1,732,688211
1,733,687906
1,734,684179
1,735,685626
1,736,682943
1,737,679805
1,738,678839
1,739,677809
1,740,675359
1,741,675167
1,742,675724
1,743,675268
1,744,674080
1,745,674138
1,746,673075
1,747,669717
1,748,667945
1,749,668632
1,750,669041
1,751,666079
1,752,666232
1,753,666123
1,754,664616
1,755,661515
1,756,660971
1,757,659497
1,758,658215
1,759,658418
1,760,659807
1,761,657860
1,762,657269
1,763,655724
1,764,655918
1,765,654477
1,766,654235
1,767,654202
1,768,653554
1,769,650876
1,770,649504
1,771,649793
1,772,649257
1,773,646421
1,774,644771
1,775,643593
1,776,642188
1,777,642225
1,778,641787
1,779,642007
1,780,641705
1,781,640503
1,782,641055
1,783,640855
1,784,640905
1,785,641936
1,786,641584
1,787,641801
1,788,642761
1,789,642420
1,790,641869
1,791,641366
1,792,639802
1,793,640319
1,794,639516
1,795,638333
1,796,638881
1,797,637766
1,798,635534
1,799,634206
1,800,633382
1,801,634998
1,802,635444
1,803,634883
1,804,634125
1,805,633005
1,806,633415
1,807,635188
1,808,633222
1,809,632475
1,810,630167
1,811,629300
1,812,628478
1,813,628398
1,814,627658
1,815,627077
1,816,624204
1,817,623584
1,818,622014
1,819,621292
1,820,619116
1,821,618361
1,822,618091
1,823,617442
1,824,616689
1,825,616231
1,826,616025
1,827,615337
1,828,613687
1,829,612607
1,830,611451
1,831,610700
1,832,609500
1,833,608498
1,834,606573
1,835,606760
1,836,606724
1,837,603356
1,838,602595
1,839,601167
1,840,598595
1,841,596957
1,842,593474
1,843,591568
1,844,589709
1,845,587912
1,846,585230
1,847,585102
1,848,584936
1,849,583480
1,850,582761
1,851,582255
1,852,581316
1,853,579533
1,854,577691
1,855,576138
1,856,575444
1,857,572818
1,858,571142
1,859,569322
1,860,568188
1,861,566210
1,862,565031
1,863,563773
1,864,563021
1,865,563768
1,866,563935
1,867,562831
1,868,560925
1,869,560925
1,870,560679
1,871,557177
1,872,553770
1,873,552428
1,874,551211
1,875,550200
1,876,550779
1,877,550559
1,878,550919
1,879,551573
1,880,552354
1,881,552990
1,882,554256
1,883,553994
1,884,554609
1,885,554996
1,886,554122
1,887,554651
1,888,552907
1,889,552986
1,890,550805
1,891,549259
1,892,549377
1,893,546779
1,894,546369
1,895,544075
1,896,541794
1,897,539582
1,898,539933
1,899,538792
1,900,537748
1,901,535918
1,902,535386
1,903,535915
1,904,535797
1,905,534102
1,906,535048
1,907,534982
1,908,534854
1,909,533341
1,910,530396
1,911,531022
1,912,530051
1,913,529611
1,914,526885
1,915,527146
1,916,527709
1,917,527145
1,918,525952
1,919,525782
1,920,526428
1,921,523164
1,922,521065
1,923,520167
1,924,518576
1,925,518253
1,926,516352
1,927,514779
1,928,514848
1,929,515182
1,930,514829
1,931,514619
1,932,513808
1,933,514022
1,934,513459
1,935,513827
1,936,513470
1,937,512176
1,938,511591
1,939,510502
1,940,509340
1,941,508680
1,942,509006
1,943,507547
1,944,507603
1,945,506215
1,946,504684
1,947,505162
1,948,503256
1,949,505021
1,950,504253
1,951,504401
1,952,502463
1,953,500420
1,954,499242
1,955,498903
1,956,496671
1,957,497438
1,958,495845
1,959,494600
1,960,496449
1,961,491520
1,962,491656
1,963,488865
1,964,488171
1,965,487115
1,966,486396
1,967,485728
1,968,484735
1,969,483026
1,970,483079
1,971,481769
1,972,481933
1,973,479921
1,974,478705
1,975,478776
1,976,477454
1,977,476694
1,978,475187
1,979,475992
1,980,475662
1,981,476541
1,982,472929
1,983,472624
1,984,469982
1,985,469449
1,986,469248
1,987,468346
1,988,467895
1,989,467636
1,990,468015
1,991,467377
1,992,467771
1,993,465919
1,994,466167
1,995,466031
1,996,466586
1,997,466760
1,998,466351
1,999,464845
1,1000,463957
1,1001,463400
1,1002,463071
1,1003,462118
1,1004,461803
1,1005,462098
1,1006,462089
1,1007,459872
1,1008,460261
1,1009,459958
1,1010,459257
1,1011,458986
1,1012,458865
1,1013,458865
1,1014,459028
1,1015,459451
1,1016,458306
1,1017,458204
1,1018,455846
1,1019,456009
1,1020,456291
1,1021,457362
1,1022,458078
1,1023,460856
1,1024,461051
1,1025,460787
1,1026,460836
1,1027,461620
1,1028,460809
1,1029,460908
1,1030,461200
1,1031,460591
1,1032,459791
1,1033,459209
1,1034,458173
1,1035,456325
1,1036,455161
1,1037,454038
1,1038,454136
1,1039,453153
1,1040,453572
1,1041,453370
1,1042,454795
1,1043,453267
1,1044,453244
1,1045,451297
1,1046,450134
1,1047,450033
1,1048,448983
1,1049,448494
1,1050,448274
1,1051,447647
1,1052,448490
1,1053,448626
1,1054,448247
1,1055,448020
1,1056,446621
1,1057,445741
1,1058,445852
1,1059,446957
1,1060,446470
1,1061,446669
1,1062,446922
1,1063,446403
1,1064,445265
1,1065,446027
1,1066,445358
1,1067,442900
1,1068,443401
1,1069,441485
1,1070,440773
1,1071,440354
1,1072,439201
1,1073,438105
1,1074,437385
1,1075,438143
1,1076,437403
1,1077,436432
1,1078,435618
1,1079,433717
1,1080,433254
1,1081,431348
1,1082,431574
1,1083,429595
1,1084,428535
1,1085,427686
1,1086,426139
1,1087,424564
1,1088,423233
1,1089,422129
1,1090,419960
1,1091,419101
1,1092,417223
1,1093,415028
1,1094,413569
1,1095,414552
1,1096,412201
1,1097,410558
1,1098,412079
1,1099,411657
1,1100,410587
1,1101,408676
1,1102,406880
1,1103,406190
1,1104,404231
1,1105,401477
1,1106,401660
1,1107,400456
1,1108,400393
1,1109,400212
1,1110,399771
1,1111,399424
1,1112,398407
1,1113,397042
1,1114,397265
1,1115,397983
1,1116,396012
1,1117,395653
1,1118,393762
1,1119,391685
1,1120,390742
1,1121,388737
1,1122,388159
1,1123,388191
1,1124,386239
1,1125,384777
1,1126,383539
1,1127,381705
1,1128,382637
1,1129,380908
1,1130,380457
1,1131,378896
1,1132,377738
1,1133,376916
1,1134,376457
1,1135,375254
1,1136,374311
1,1137,374116
1,1138,372856
1,1139,371275
1,1140,370405
1,1141,368617
1,1142,367797
1,1143,365430
1,1144,364555
1,1145,363411
1,1146,362660
1,1147,360790
1,1148,359012
1,1149,357783
1,1150,355490
1,1151,354153
1,1152,352938
1,1153,351925
1,1154,349735
1,1155,349838
1,1156,347021
1,1157,346176
1,1158,346149
1,1159,345656
1,1160,343835
1,1161,342978
1,1162,342613
1,1163,341712
1,1164,341045
1,1165,339727
1,1166,338941
1,1167,337320
1,1168,337178
1,1169,336936
1,1170,335237
1,1171,334395
1,1172,334445
1,1173,334072
1,1174,333257
1,1175,333440
1,1176,333824
1,1177,333501
1,1178,332377
1,1179,332067
1,1180,331642
1,1181,331690
1,1182,332324
1,1183,332285
1,1184,331448
1,1185,331834
1,1186,332107
1,1187,330752
1,1188,329614
1,1189,327719
1,1190,325795
1,1191,325173
1,1192,323734
1,1193,322615
1,1194,321353
1,1195,319945
1,1196,319150
1,1197,317892
1,1198,315953
1,1199,315828
1,1200,314539
1,1201,313487
1,1202,313794
1,1203,312221
1,1204,311592
1,1205,311238
1,1206,311421
1,1207,312329
1,1208,312353
1,1209,312770
1,1210,310930
1,1211,311001
1,1212,310070
1,1213,309421
1,1214,308752
1,1215,308615
1,1216,309726
1,1217,310483
1,1218,311330
1,1219,310937
1,1220,311017
1,1221,310664
1,1222,311290
1,1223,311553
1,1224,312257
1,1225,312765
1,1226,312823
1,1227,312548
1,1228,312430
1,1229,312827
1,1230,312656
1,1231,312183
1,1232,312363
1,1233,312802
1,1234,311399
1,1235,311565
1,1236,312478
1,1237,311112
1,1238,309415
1,1239,309669
1,1240,309318
1,1241,308131
1,1242,307522
1,1243,305595
1,1244,304666
1,1245,304602
1,1246,301496
1,1247,301389
1,1248,299544
1,1249,298593
1,1250,298695
1,1251,297215
1,1252,295851
1,1253,295158
1,1254,293700
1,1255,292605
1,1256,291381
1,1257,291211
1,1258,289193
1,1259,288224
1,1260,286573
1,1261,286248
1,1262,286345
1,1263,284348
1,1264,283906
1,1265,282982
1,1266,283417
1,1267,281390
1,1268,281443
1,1269,280842
1,1270,278671
1,1271,278545
1,1272,278784
1,1273,277636
1,1274,278193
1,1275,277506
1,1276,277198
1,1277,277131
1,1278,276833
1,1279,277212
1,1280,278416
1,1281,277360
1,1282,276762
1,1283,277488
1,1284,278111
1,1285,277263
1,1286,276734
1,1287,276241
1,1288,277461
1,1289,276775
1,1290,276783
1,1291,275571
1,1292,275701
1,1293,276704
1,1294,275663
1,1295,275943
1,1296,276832
1,1297,276728
1,1298,277770
1,1299,277573
1,1300,278391
1,1301,277437
1,1302,277024
1,1303,277272
1,1304,278308
1,1305,279297
1,1306,278328
1,1307,278029
1,1308,278661
1,1309,278458
1,1310,279320
1,1311,280842
1,1312,280492
1,1313,280515
1,1314,278800
1,1315,278869
1,1316,278981
1,1317,278717
1,1318,279919
1,1319,280313
1,1320,280195
1,1321,278894
1,1322,278771
1,1323,277298
1,1324,276538
1,1325,275748
1,1326,274354
1,1327,274243
1,1328,273307
1,1329,273592
1,1330,273041
1,1331,271757
1,1332,271686
1,1333,270592
1,1334,270177
1,1335,269944
1,1336,268138
1,1337,267892
1,1338,266443
1,1339,265822
1,1340,273962
