1,1,68674
1,2,68677
1,3,68864
1,4,68726
1,5,68851
1,6,68768
1,7,68716
1,8,68788
1,9,68805
1,10,68727
1,11,68810
1,12,68777
1,13,68733
1,14,68845
1,15,68779
1,16,68748
1,17,68707
1,18,68864
1,19,68727
1,20,68723
1,21,68764
1,22,68763
1,23,68789
1,24,68764
1,25,68752
1,26,68784
1,27,68762
1,28,68832
1,29,68751
1,30,68839
1,31,68817
1,32,68751
1,33,68776
1,34,68790
1,35,68738
1,36,68784
1,37,68792
1,38,68795
1,39,68812
1,40,68844
1,41,68772
1,42,68850
1,43,68775
1,44,68850
1,45,68828
1,46,68755
1,47,68813
1,48,68816
1,49,68848
1,50,68756
1,51,68859
1,52,68837
1,53,68815
1,54,68836
1,55,68895
1,56,68861
1,57,68861
1,58,68840
1,59,68825
1,60,68867
1,61,68868
1,62,68744
1,63,68885
1,64,68737
1,65,68809
1,66,68793
1,67,68811
1,68,68742
1,69,68855
1,70,68945
1,71,68828
1,72,68867
1,73,68799
1,74,68903
1,75,68837
1,76,68912
1,77,68853
1,78,68805
1,79,68887
1,80,68944
1,81,68888
1,82,68829
1,83,68923
1,84,68827
1,85,68866
1,86,68878
1,87,68840
1,88,68849
1,89,68937
1,90,68896
1,91,68858
1,92,68886
1,93,68877
1,94,68925
1,95,69025
1,96,68941
1,97,69051
1,98,69019
1,99,69086
1,100,69148
1,101,69308
1,102,69349
1,103,69339
1,104,69400
1,105,69492
1,106,69495
1,107,69658
1,108,69621
1,109,69585
1,110,69818
1,111,69662
1,112,69681
1,113,69684
1,114,69657
1,115,69685
1,116,69724
1,117,69717
1,118,69745
1,119,69691
1,120,69660
1,121,69676
1,122,69646
1,123,69709
1,124,69644
1,125,69715
1,126,69707
1,127,69669
1,128,69656
1,129,69590
1,130,69611
1,131,69688
1,132,69542
1,133,69660
1,134,69654
1,135,69699
1,136,69614
1,137,69632
1,138,69690
1,139,69675
1,140,69638
1,141,69624
1,142,69670
1,143,69704
1,144,69735
1,145,69771
1,146,69840
1,147,69813
1,148,69792
1,149,69783
1,150,69818
1,151,69834
1,152,70052
1,153,70044
1,154,70132
1,155,70305
1,156,70243
1,157,70334
1,158,70449
1,159,70405
1,160,70550
1,161,70577
1,162,70685
1,163,70711
1,164,70889
1,165,70906
1,166,71132
1,167,71139
1,168,71392
1,169,71518
1,170,71708
1,171,71894
1,172,72288
1,173,72528
1,174,72788
1,175,73245
1,176,74080
1,177,74755
1,178,75575
1,179,76833
1,180,79118
1,181,82277
1,182,85717
1,183,91589
1,184,103600
1,185,124928
1,186,142883
1,187,167306
1,188,225123
1,189,323460
1,190,395915
1,191,453034
1,192,591591
1,193,737481
1,194,799510
1,195,883640
1,196,1.02854e+006
1,197,1.04549e+006
1,198,974981
1,199,953795
1,200,974422
1,201,984068
1,202,971614
1,203,887241
1,204,754117
1,205,562771
1,206,358233
1,207,212310
1,208,150375
1,209,123532
1,210,106549
1,211,98570
1,212,93233
1,213,87423
1,214,82937
1,215,80750
1,216,79424
1,217,77871
1,218,76957
1,219,76550
1,220,76338
1,221,76286
1,222,76681
1,223,76974
1,224,77140
1,225,77185
1,226,77068
1,227,76705
1,228,75657
1,229,75060
1,230,74578
1,231,74205
1,232,73773
1,233,73448
1,234,73303
1,235,73286
1,236,73351
1,237,73192
1,238,73255
1,239,73349
1,240,73327
1,241,73341
1,242,73251
1,243,72984
1,244,72962
1,245,72835
1,246,72721
1,247,72733
1,248,72758
1,249,72982
1,250,73087
1,251,73116
1,252,73163
1,253,73457
1,254,73261
1,255,73030
1,256,72753
1,257,72581
1,258,72526
1,259,72324
1,260,72120
1,261,71981
1,262,71966
1,263,71912
1,264,71766
1,265,71620
1,266,71575
1,267,71401
1,268,71373
1,269,71383
1,270,71426
1,271,71592
1,272,71485
1,273,71544
1,274,71509
1,275,71506
1,276,71535
1,277,71457
1,278,71340
1,279,71167
1,280,71038
1,281,70926
1,282,71003
1,283,71030
1,284,70984
1,285,71053
1,286,71275
1,287,71396
1,288,71529
1,289,71458
1,290,71624
1,291,71748
1,292,71832
1,293,72096
1,294,72322
1,295,72396
1,296,72707
1,297,72744
1,298,72679
1,299,72879
1,300,72624
1,301,72720
1,302,72418
1,303,72220
1,304,71767
1,305,71651
1,306,71444
1,307,71274
1,308,71175
1,309,71029
1,310,71089
1,311,71098
1,312,71224
1,313,71151
1,314,71248
1,315,71447
1,316,71306
1,317,71305
1,318,71215
1,319,71286
1,320,71377
1,321,71208
1,322,71161
1,323,71271
1,324,71386
1,325,71331
1,326,71411
1,327,71543
1,328,71520
1,329,71676
1,330,71831
1,331,71977
1,332,72109
1,333,72240
1,334,72665
1,335,72556
1,336,72515
1,337,72480
1,338,72610
1,339,72469
1,340,72468
1,341,72433
1,342,72149
1,343,71850
1,344,71843
1,345,71554
1,346,71386
1,347,71232
1,348,71190
1,349,71201
1,350,70891
1,351,70851
1,352,70738
1,353,70541
1,354,70612
1,355,70457
1,356,70397
1,357,70446
1,358,70317
1,359,70175
1,360,70213
1,361,70240
1,362,70095
1,363,70245
1,364,70079
1,365,70172
1,366,70039
1,367,70115
1,368,70011
1,369,70059
1,370,69988
1,371,69944
1,372,70019
1,373,69985
1,374,69968
1,375,70077
1,376,69960
1,377,70074
1,378,70045
1,379,70090
1,380,70103
1,381,70064
1,382,70015
1,383,70157
1,384,70058
1,385,70091
1,386,70072
1,387,70194
1,388,70137
1,389,70177
1,390,70213
1,391,70242
1,392,70219
1,393,70184
1,394,70206
1,395,70136
1,396,70101
1,397,70032
1,398,69955
1,399,69907
1,400,70027
1,401,69974
1,402,70017
1,403,70043
1,404,70069
1,405,69965
1,406,70168
1,407,70074
1,408,70044
1,409,69987
1,410,70023
1,411,69988
1,412,70030
1,413,69989
1,414,69944
1,415,69997
1,416,69963
1,417,69907
1,418,70011
1,419,70001
1,420,69968
1,421,70029
1,422,70040
1,423,69969
1,424,70003
1,425,70000
1,426,69976
1,427,69978
1,428,70020
1,429,70026
1,430,70043
1,431,70064
1,432,70117
1,433,70088
1,434,70089
1,435,70033
1,436,70058
1,437,70084
1,438,70128
1,439,70044
1,440,70077
1,441,70149
1,442,70146
1,443,70075
1,444,70141
1,445,70050
1,446,70063
1,447,70144
1,448,69998
1,449,69974
1,450,70114
1,451,70022
1,452,70107
1,453,70155
1,454,70059
1,455,70060
1,456,70070
1,457,69985
1,458,69938
1,459,70106
1,460,70067
1,461,70141
1,462,70033
1,463,70062
1,464,70090
1,465,70028
1,466,69951
1,467,70008
1,468,70012
1,469,70081
1,470,70024
1,471,70107
1,472,69993
1,473,70027
1,474,69951
1,475,70018
1,476,69958
1,477,70005
1,478,69890
1,479,69910
1,480,69963
1,481,69954
1,482,69940
1,483,70040
1,484,69959
1,485,69937
1,486,69879
1,487,69883
1,488,69837
1,489,69869
1,490,69907
1,491,69867
1,492,69831
1,493,69865
1,494,69731
1,495,69724
1,496,69629
1,497,69571
1,498,69533
1,499,69485
1,500,69499
1,501,69508
1,502,69417
1,503,69458
1,504,69574
1,505,69462
1,506,69451
1,507,69514
1,508,69468
1,509,69525
1,510,69564
1,511,69502
1,512,69537
1,513,69446
1,514,69459
1,515,69554
1,516,69481
1,517,69413
1,518,69493
1,519,69527
1,520,69636
1,521,69571
1,522,69727
1,523,69555
1,524,69603
1,525,69610
1,526,69490
1,527,69549
1,528,69466
1,529,69385
1,530,69427
1,531,69462
1,532,69427
1,533,69385
1,534,69428
1,535,69545
1,536,69518
1,537,69506
1,538,69611
1,539,69585
1,540,69548
1,541,69555
1,542,69564
1,543,69636
1,544,69568
1,545,69488
1,546,69469
1,547,69531
1,548,69529
1,549,69450
1,550,69538
1,551,69425
1,552,69453
1,553,69400
1,554,69478
1,555,69426
1,556,69525
1,557,69403
1,558,69380
1,559,69496
1,560,69451
1,561,69308
1,562,69417
1,563,69350
1,564,69412
1,565,69370
1,566,69361
1,567,69419
1,568,69426
1,569,69439
1,570,69429
1,571,69530
1,572,69472
1,573,69369
1,574,69610
1,575,69483
1,576,69486
1,577,69425
1,578,69465
1,579,69408
1,580,69527
1,581,69428
1,582,69460
1,583,69397
1,584,69414
1,585,69487
1,586,69484
1,587,69470
1,588,69366
1,589,69436
1,590,69471
1,591,69420
1,592,69337
1,593,69429
1,594,69429
1,595,69462
1,596,69449
1,597,69430
1,598,69477
1,599,69446
1,600,69410
1,601,69364
1,602,69395
1,603,69403
1,604,69350
1,605,69471
1,606,69368
1,607,69343
1,608,69412
1,609,69472
1,610,69437
1,611,69462
1,612,69452
1,613,69495
1,614,69419
1,615,69463
1,616,69467
1,617,69349
1,618,69442
1,619,69359
1,620,69440
1,621,69513
1,622,69318
1,623,69478
1,624,69471
1,625,69483
1,626,69407
1,627,69383
1,628,69453
1,629,69455
1,630,69430
1,631,69454
1,632,69502
1,633,69399
1,634,69489
1,635,69494
1,636,69461
1,637,69503
1,638,69453
1,639,69514
1,640,69502
1,641,69506
1,642,69521
1,643,69511
1,644,69605
1,645,69607
1,646,69723
1,647,69678
1,648,69863
1,649,69965
1,650,70003
1,651,70115
1,652,70154
1,653,70307
1,654,70477
1,655,70424
1,656,70379
1,657,70543
1,658,70603
1,659,70514
1,660,70606
1,661,70534
1,662,70470
1,663,70325
1,664,70286
1,665,70165
1,666,69949
1,667,69852
1,668,69693
1,669,69707
1,670,69620
1,671,69547
1,672,69672
1,673,69529
1,674,69569
1,675,69560
1,676,69534
1,677,69432
1,678,69547
1,679,69500
1,680,69386
1,681,69649
1,682,69490
1,683,69512
1,684,69366
1,685,69401
1,686,69430
1,687,69504
1,688,69547
1,689,69484
1,690,69447
1,691,69496
1,692,69397
1,693,69474
1,694,69480
1,695,69427
1,696,69405
1,697,69411
1,698,69511
1,699,69469
1,700,69454
1,701,69421
1,702,69471
1,703,69487
1,704,69360
1,705,69366
1,706,69475
1,707,69501
1,708,69358
1,709,69560
1,710,69460
1,711,69528
1,712,69430
1,713,69448
1,714,69510
1,715,69549
1,716,69526
1,717,69430
1,718,69481
1,719,69536
1,720,69447
1,721,69515
1,722,69596
1,723,69523
1,724,69640
1,725,69516
1,726,69594
1,727,69555
1,728,69452
1,729,69572
1,730,69577
1,731,69522
1,732,69587
1,733,69618
1,734,69657
1,735,69584
1,736,69510
1,737,69559
1,738,69689
1,739,69601
1,740,69692
1,741,69659
1,742,69593
1,743,69757
1,744,69744
1,745,69722
1,746,69862
1,747,69720
1,748,69807
1,749,69926
1,750,69934
1,751,69914
1,752,70049
1,753,70024
1,754,70050
1,755,70072
1,756,70028
1,757,70079
1,758,70169
1,759,70074
1,760,70027
1,761,69960
1,762,69944
1,763,69970
1,764,69943
1,765,69882
1,766,69916
1,767,69945
1,768,69979
1,769,69990
1,770,70064
1,771,70003
1,772,69991
1,773,70131
1,774,70104
1,775,70178
1,776,70173
1,777,70194
1,778,70239
1,779,70192
1,780,70274
1,781,70157
1,782,70302
1,783,70155
1,784,70170
1,785,70132
1,786,70090
1,787,70074
1,788,70019
1,789,70028
1,790,70027
1,791,69945
1,792,70008
1,793,69938
1,794,69860
1,795,69902
1,796,69898
1,797,69948
1,798,69905
1,799,69853
1,800,69839
1,801,69923
1,802,69862
1,803,69901
1,804,69892
1,805,69812
1,806,69837
1,807,69922
1,808,69863
1,809,69863
1,810,69738
1,811,69882
1,812,69787
1,813,69855
1,814,69883
1,815,69788
1,816,69939
1,817,69782
1,818,69751
1,819,69813
1,820,69842
1,821,69851
1,822,69827
1,823,69882
1,824,69835
1,825,69865
1,826,69753
1,827,69859
1,828,69829
1,829,69811
1,830,69803
1,831,69733
1,832,69845
1,833,69777
1,834,69891
1,835,69821
1,836,69861
1,837,69919
1,838,69818
1,839,69866
1,840,69861
1,841,69883
1,842,69923
1,843,69865
1,844,69749
1,845,69927
1,846,69826
1,847,69896
1,848,69870
1,849,69841
1,850,69963
1,851,69883
1,852,69873
1,853,69832
1,854,69913
1,855,69939
1,856,69931
1,857,69817
1,858,69874
1,859,69935
1,860,70016
1,861,69800
1,862,69875
1,863,69901
1,864,69971
1,865,69887
1,866,69890
1,867,69953
1,868,70039
1,869,70017
1,870,70006
1,871,69988
1,872,69911
1,873,69990
1,874,70061
1,875,69999
1,876,70056
1,877,69983
1,878,70003
1,879,69965
1,880,70088
1,881,70104
1,882,70080
1,883,69994
1,884,70056
1,885,70081
1,886,70092
1,887,70208
1,888,70080
1,889,70137
1,890,70164
1,891,70172
1,892,70201
1,893,70208
1,894,70207
1,895,70250
1,896,70281
1,897,70199
1,898,70133
1,899,70366
1,900,70287
1,901,70218
1,902,70217
1,903,70222
1,904,70144
1,905,70270
1,906,70188
1,907,70068
1,908,70167
1,909,70036
1,910,70063
1,911,70146
1,912,70135
1,913,70059
1,914,70072
1,915,70143
1,916,70159
1,917,70093
1,918,70198
1,919,70152
1,920,70169
1,921,70130
1,922,70161
1,923,70142
1,924,70160
1,925,70140
1,926,70110
1,927,70226
1,928,70149
1,929,70173
1,930,70251
1,931,70180
1,932,70100
1,933,70137
1,934,70058
1,935,70066
1,936,70185
1,937,70182
1,938,70194
1,939,70203
1,940,70136
1,941,70232
1,942,70097
1,943,70175
1,944,70148
1,945,70177
1,946,70213
1,947,70168
1,948,70239
1,949,70128
1,950,70220
1,951,70230
1,952,70238
1,953,70182
1,954,70272
1,955,70264
1,956,70197
1,957,70227
1,958,70271
1,959,70235
1,960,70327
1,961,70156
1,962,70244
1,963,70311
1,964,70324
1,965,70298
1,966,70239
1,967,70295
1,968,70211
1,969,70311
1,970,70208
1,971,70382
1,972,70334
1,973,70310
1,974,70262
1,975,70307
1,976,70382
1,977,70291
1,978,70278
1,979,70428
1,980,70417
1,981,70263
1,982,70343
1,983,70418
1,984,70359
1,985,70353
1,986,70378
1,987,70387
1,988,70411
1,989,70483
1,990,70396
1,991,70360
1,992,70512
1,993,70560
1,994,70445
1,995,70576
1,996,70583
1,997,70481
1,998,70490
1,999,70544
1,1000,70621
1,1001,70732
1,1002,70551
1,1003,70645
1,1004,70784
1,1005,70750
1,1006,70863
1,1007,71000
1,1008,71001
1,1009,71182
1,1010,71192
1,1011,71192
1,1012,71358
1,1013,71269
1,1014,71296
1,1015,71193
1,1016,71197
1,1017,70959
1,1018,71009
1,1019,70926
1,1020,70831
1,1021,70805
1,1022,70746
1,1023,70706
1,1024,70611
1,1025,70598
1,1026,70634
1,1027,70651
1,1028,70629
1,1029,70652
1,1030,70694
1,1031,70632
1,1032,70705
1,1033,70602
1,1034,70655
1,1035,70634
1,1036,70666
1,1037,70676
1,1038,70595
1,1039,70550
1,1040,70533
1,1041,70589
1,1042,70544
1,1043,70457
1,1044,70482
1,1045,70449
1,1046,70523
1,1047,70549
1,1048,70415
1,1049,70470
1,1050,70479
1,1051,70502
1,1052,70446
1,1053,70529
1,1054,70498
1,1055,70555
1,1056,70393
1,1057,70468
1,1058,70491
1,1059,70373
1,1060,70437
1,1061,70486
1,1062,70469
1,1063,70418
1,1064,70412
1,1065,70398
1,1066,70427
1,1067,70509
1,1068,70419
1,1069,70409
1,1070,70437
1,1071,70529
1,1072,70388
1,1073,70543
1,1074,70485
1,1075,70476
1,1076,70406
1,1077,70307
1,1078,70406
1,1079,70481
1,1080,70473
1,1081,70381
1,1082,70354
1,1083,70469
1,1084,70562
1,1085,70508
1,1086,70424
1,1087,70408
1,1088,70419
1,1089,70444
1,1090,70388
1,1091,70445
1,1092,70485
1,1093,70392
1,1094,70420
1,1095,70567
1,1096,70546
1,1097,70546
1,1098,70517
1,1099,70576
1,1100,70490
1,1101,70534
1,1102,70516
1,1103,70490
1,1104,70454
1,1105,70421
1,1106,70464
1,1107,70553
1,1108,70522
1,1109,70381
1,1110,70521
1,1111,70509
1,1112,70489
1,1113,70487
1,1114,70533
1,1115,70512
1,1116,70575
1,1117,70541
1,1118,70554
1,1119,70598
1,1120,70522
1,1121,70516
1,1122,70480
1,1123,70516
1,1124,70535
1,1125,70556
1,1126,70488
1,1127,70622
1,1128,70533
1,1129,70551
1,1130,70579
1,1131,70585
1,1132,70668
1,1133,70491
1,1134,70568
1,1135,70538
1,1136,70526
1,1137,70654
1,1138,70614
1,1139,70555
1,1140,70574
1,1141,70643
1,1142,70633
1,1143,70643
1,1144,70627
1,1145,70552
1,1146,70676
1,1147,70646
1,1148,70567
1,1149,70538
1,1150,70669
1,1151,70648
1,1152,70667
1,1153,70590
1,1154,70671
1,1155,70576
1,1156,70691
1,1157,70673
1,1158,70561
1,1159,70706
1,1160,70598
1,1161,70621
1,1162,70558
1,1163,70592
1,1164,70619
1,1165,70618
1,1166,70657
1,1167,70611
1,1168,70605
1,1169,70669
1,1170,70713
1,1171,70642
1,1172,70616
1,1173,70753
1,1174,70677
1,1175,70704
1,1176,70653
1,1177,70680
1,1178,70688
1,1179,70736
1,1180,70752
1,1181,70603
1,1182,70655
1,1183,70621
1,1184,70741
1,1185,70735
1,1186,70661
1,1187,70674
1,1188,70696
1,1189,70633
1,1190,70670
1,1191,70671
1,1192,70594
1,1193,70597
1,1194,70596
1,1195,70537
1,1196,70600
1,1197,70684
1,1198,70609
1,1199,70630
1,1200,70726
1,1201,70579
1,1202,70628
1,1203,70666
1,1204,70565
1,1205,70631
1,1206,70667
1,1207,70679
1,1208,70671
1,1209,70623
1,1210,70589
1,1211,70640
1,1212,70705
1,1213,70622
1,1214,70688
1,1215,70707
1,1216,70669
1,1217,70726
1,1218,70705
1,1219,70690
1,1220,70639
1,1221,70695
1,1222,70722
1,1223,70659
1,1224,70702
1,1225,70679
1,1226,70687
1,1227,70754
1,1228,70716
1,1229,70744
1,1230,70715
1,1231,70688
1,1232,70716
1,1233,70685
1,1234,70646
1,1235,70748
1,1236,70688
1,1237,70846
1,1238,70690
1,1239,70731
1,1240,70672
1,1241,70717
1,1242,70782
1,1243,70712
1,1244,70731
1,1245,70760
1,1246,70756
1,1247,70804
1,1248,70752
1,1249,70717
1,1250,70721
1,1251,70798
1,1252,70757
1,1253,70703
1,1254,70873
1,1255,70847
1,1256,70693
1,1257,70863
1,1258,70824
1,1259,70801
1,1260,70763
1,1261,70730
1,1262,70872
1,1263,70788
1,1264,70665
1,1265,70706
1,1266,70791
1,1267,70821
1,1268,70849
1,1269,70722
1,1270,70855
1,1271,70775
1,1272,70733
1,1273,70722
1,1274,70738
1,1275,70739
1,1276,70698
1,1277,70844
1,1278,70722
1,1279,70712
1,1280,70778
1,1281,70760
1,1282,70813
1,1283,70799
1,1284,70786
1,1285,70837
1,1286,70742
1,1287,70780
1,1288,70731
1,1289,70817
1,1290,70737
1,1291,70813
1,1292,70751
1,1293,70743
1,1294,70860
1,1295,70688
1,1296,70733
1,1297,70743
1,1298,70747
1,1299,70765
1,1300,70724
1,1301,70735
1,1302,70750
1,1303,70848
1,1304,70779
1,1305,70768
1,1306,70642
1,1307,70813
1,1308,70733
1,1309,70670
1,1310,70784
1,1311,70789
1,1312,70816
1,1313,70749
1,1314,70851
1,1315,70775
1,1316,70710
1,1317,70809
1,1318,70750
1,1319,70850
1,1320,70783
1,1321,70714
1,1322,70775
1,1323,70812
1,1324,70641
1,1325,70824
1,1326,70896
1,1327,70775
1,1328,70688
1,1329,70723
1,1330,70709
1,1331,70626
1,1332,70717
1,1333,70585
1,1334,70667
1,1335,70612
1,1336,70561
1,1337,70562
1,1338,70525
1,1339,69967
1,1340,81422
