1,1,87548
1,2,87847
1,3,88015
1,4,88084
1,5,88043
1,6,88496
1,7,88647
1,8,88962
1,9,88925
1,10,89183
1,11,89336
1,12,89295
1,13,89648
1,14,89713
1,15,89990
1,16,90247
1,17,90524
1,18,90775
1,19,91296
1,20,91622
1,21,91949
1,22,92651
1,23,93780
1,24,94392
1,25,94504
1,26,95284
1,27,95629
1,28,95747
1,29,96007
1,30,96677
1,31,97063
1,32,97372
1,33,97893
1,34,98232
1,35,98306
1,36,99009
1,37,99688
1,38,100104
1,39,99957
1,40,100745
1,41,101743
1,42,102420
1,43,102550
1,44,103031
1,45,104211
1,46,104785
1,47,105146
1,48,105439
1,49,106105
1,50,107174
1,51,107415
1,52,107387
1,53,107479
1,54,108128
1,55,109174
1,56,109527
1,57,109715
1,58,110389
1,59,111112
1,60,111695
1,61,112193
1,62,112645
1,63,113549
1,64,113798
1,65,114642
1,66,115200
1,67,115713
1,68,116457
1,69,118011
1,70,119966
1,71,122284
1,72,123833
1,73,126334
1,74,129258
1,75,132276
1,76,137072
1,77,140556
1,78,143113
1,79,147339
1,80,148307
1,81,146297
1,82,144561
1,83,142829
1,84,140848
1,85,139768
1,86,140901
1,87,142497
1,88,144382
1,89,147214
1,90,149841
1,91,154507
1,92,160834
1,93,169602
1,94,180466
1,95,197202
1,96,222476
1,97,258004
1,98,302706
1,99,355537
1,100,412925
1,101,470734
1,102,526956
1,103,581032
1,104,639607
1,105,703250
1,106,768314
1,107,826745
1,108,864668
1,109,885833
1,110,895661
1,111,904624
1,112,914203
1,113,917527
1,114,916372
1,115,921009
1,116,926777
1,117,922959
1,118,919080
1,119,915858
1,120,909641
1,121,904975
1,122,904444
1,123,893208
1,124,881903
1,125,869984
1,126,862428
1,127,852675
1,128,833955
1,129,806276
1,130,778249
1,131,755880
1,132,738864
1,133,727812
1,134,717788
1,135,705638
1,136,693359
1,137,683524
1,138,674387
1,139,662141
1,140,655035
1,141,656508
1,142,659499
1,143,668457
1,144,679849
1,145,687113
1,146,695394
1,147,704527
1,148,719489
1,149,734223
1,150,754267
1,151,780574
1,152,816446
1,153,858902
1,154,899862
1,155,939473
1,156,981742
1,157,1.03176e+006
1,158,1.07926e+006
1,159,1.1262e+006
1,160,1.17705e+006
1,161,1.23544e+006
1,162,1.29833e+006
1,163,1.36433e+006
1,164,1.43499e+006
1,165,1.50545e+006
1,166,1.5769e+006
1,167,1.65376e+006
1,168,1.7516e+006
1,169,1.85381e+006
1,170,1.96807e+006
1,171,2.11545e+006
1,172,2.2998e+006
1,173,2.49578e+006
1,174,2.72674e+006
1,175,3.05674e+006
1,176,3.47795e+006
1,177,3.91961e+006
1,178,4.24126e+006
1,179,4.54831e+006
1,180,4.89075e+006
1,181,5.17669e+006
1,182,5.52058e+006
1,183,5.80502e+006
1,184,6.10127e+006
1,185,6.33348e+006
1,186,6.47701e+006
1,187,6.5535e+006
1,188,6.5535e+006
1,189,6.5535e+006
1,190,6.5535e+006
1,191,6.5535e+006
1,192,6.5535e+006
1,193,6.5535e+006
1,194,6.5535e+006
1,195,6.5535e+006
1,196,6.5535e+006
1,197,6.5535e+006
1,198,6.5535e+006
1,199,6.5535e+006
1,200,6.5535e+006
1,201,6.5535e+006
1,202,6.5535e+006
1,203,6.5535e+006
1,204,6.5535e+006
1,205,6.5535e+006
1,206,6.5535e+006
1,207,6.5535e+006
1,208,6.5535e+006
1,209,6.5535e+006
1,210,6.51892e+006
1,211,6.38696e+006
1,212,6.21264e+006
1,213,5.99287e+006
1,214,5.68676e+006
1,215,5.45414e+006
1,216,5.23381e+006
1,217,5.06872e+006
1,218,4.94609e+006
1,219,4.89113e+006
1,220,4.91542e+006
1,221,5.0297e+006
1,222,5.1523e+006
1,223,5.22393e+006
1,224,5.19558e+006
1,225,5.14697e+006
1,226,5.06913e+006
1,227,4.92754e+006
1,228,4.67508e+006
1,229,4.46445e+006
1,230,4.21514e+006
1,231,3.91448e+006
1,232,3.59723e+006
1,233,3.49147e+006
1,234,3.5141e+006
1,235,3.57361e+006
1,236,3.61406e+006
1,237,3.61677e+006
1,238,3.61161e+006
1,239,3.60498e+006
1,240,3.57255e+006
1,241,3.48503e+006
1,242,3.38322e+006
1,243,3.29873e+006
1,244,3.21948e+006
1,245,3.15759e+006
1,246,3.14167e+006
1,247,3.18883e+006
1,248,3.27848e+006
1,249,3.40152e+006
1,250,3.51456e+006
1,251,3.63821e+006
1,252,3.72471e+006
1,253,3.73768e+006
1,254,3.65256e+006
1,255,3.49742e+006
1,256,3.32696e+006
1,257,3.1674e+006
1,258,3.00317e+006
1,259,2.85339e+006
1,260,2.75014e+006
1,261,2.70067e+006
1,262,2.65771e+006
1,263,2.60414e+006
1,264,2.52328e+006
1,265,2.41657e+006
1,266,2.30915e+006
1,267,2.21515e+006
1,268,2.18012e+006
1,269,2.18804e+006
1,270,2.20902e+006
1,271,2.24339e+006
1,272,2.2625e+006
1,273,2.26331e+006
1,274,2.25576e+006
1,275,2.21694e+006
1,276,2.17323e+006
1,277,2.10536e+006
1,278,2.02772e+006
1,279,1.92513e+006
1,280,1.82686e+006
1,281,1.73906e+006
1,282,1.68952e+006
1,283,1.67499e+006
1,284,1.69345e+006
1,285,1.74433e+006
1,286,1.82209e+006
1,287,1.89741e+006
1,288,1.9602e+006
1,289,2.02015e+006
1,290,2.08373e+006
1,291,2.13966e+006
1,292,2.22557e+006
1,293,2.34445e+006
1,294,2.48765e+006
1,295,2.5731e+006
1,296,2.63822e+006
1,297,2.73562e+006
1,298,2.80674e+006
1,299,2.83214e+006
1,300,2.83849e+006
1,301,2.78969e+006
1,302,2.61741e+006
1,303,2.41727e+006
1,304,2.27716e+006
1,305,2.168e+006
1,306,2.02874e+006
1,307,1.9343e+006
1,308,1.87402e+006
1,309,1.80652e+006
1,310,1.75724e+006
1,311,1.74127e+006
1,312,1.76566e+006
1,313,1.80886e+006
1,314,1.85869e+006
1,315,1.89871e+006
1,316,1.91037e+006
1,317,1.9138e+006
1,318,1.91161e+006
1,319,1.90865e+006
1,320,1.89163e+006
1,321,1.88012e+006
1,322,1.87574e+006
1,323,1.91357e+006
1,324,1.96031e+006
1,325,1.98879e+006
1,326,2.02089e+006
1,327,2.07303e+006
1,328,2.14557e+006
1,329,2.23051e+006
1,330,2.33608e+006
1,331,2.4567e+006
1,332,2.58865e+006
1,333,2.70556e+006
1,334,2.80752e+006
1,335,2.8434e+006
1,336,2.82666e+006
1,337,2.78186e+006
1,338,2.7418e+006
1,339,2.66762e+006
1,340,2.58915e+006
1,341,2.47941e+006
1,342,2.3319e+006
1,343,2.16941e+006
1,344,2.03644e+006
1,345,1.94002e+006
1,346,1.8505e+006
1,347,1.76172e+006
1,348,1.65776e+006
1,349,1.56025e+006
1,350,1.47368e+006
1,351,1.39992e+006
1,352,1.32273e+006
1,353,1.2587e+006
1,354,1.2057e+006
1,355,1.16648e+006
1,356,1.13035e+006
1,357,1.08919e+006
1,358,1.04637e+006
1,359,1.00414e+006
1,360,967120
1,361,932090
1,362,905487
1,363,892024
1,364,883062
1,365,873039
1,366,865990
1,367,859411
1,368,859081
1,369,856304
1,370,854129
1,371,853006
1,372,851586
1,373,849898
1,374,851020
1,375,851536
1,376,850252
1,377,853272
1,378,853472
1,379,851916
1,380,847477
1,381,837864
1,382,829866
1,383,823595
1,384,824527
1,385,841232
1,386,861791
1,387,884494
1,388,906700
1,389,941602
1,390,985026
1,391,1.01005e+006
1,392,996447
1,393,977975
1,394,953965
1,395,915831
1,396,857610
1,397,826716
1,398,805507
1,399,794229
1,400,786524
1,401,771932
1,402,764510
1,403,765989
1,404,763385
1,405,750491
1,406,736912
1,407,728663
1,408,717091
1,409,711814
1,410,711351
1,411,715131
1,412,716108
1,413,711988
1,414,705136
1,415,696436
1,416,692336
1,417,688248
1,418,686200
1,419,691621
1,420,700983
1,421,706012
1,422,701611
1,423,694639
1,424,695400
1,425,696332
1,426,699080
1,427,719355
1,428,740514
1,429,751912
1,430,755286
1,431,752429
1,432,746410
1,433,744033
1,434,750504
1,435,760522
1,436,773479
1,437,782040
1,438,786551
1,439,787853
1,440,784432
1,441,786496
1,442,786970
1,443,789408
1,444,801959
1,445,809515
1,446,817112
1,447,821370
1,448,818619
1,449,811196
1,450,802584
1,451,802599
1,452,809108
1,453,822704
1,454,836570
1,455,832155
1,456,815695
1,457,794372
1,458,779022
1,459,782318
1,460,801840
1,461,823333
1,462,831010
1,463,811540
1,464,782739
1,465,760184
1,466,754341
1,467,768287
1,468,787507
1,469,793487
1,470,785203
1,471,770271
1,472,757780
1,473,753824
1,474,755544
1,475,759921
1,476,763218
1,477,761631
1,478,745356
1,479,725954
1,480,710448
1,481,700426
1,482,690744
1,483,679276
1,484,678981
1,485,667786
1,486,656342
1,487,630703
1,488,608224
1,489,613236
1,490,630788
1,491,635134
1,492,609756
1,493,558767
1,494,504827
1,495,464783
1,496,434876
1,497,414117
1,498,397009
1,499,380058
1,500,370629
1,501,364145
1,502,364683
1,503,372198
1,504,382555
1,505,384922
1,506,376465
1,507,365892
1,508,361779
1,509,364108
1,510,369182
1,511,370492
1,512,366554
1,513,357359
1,514,355357
1,515,360975
1,516,374051
1,517,388751
1,518,399008
1,519,403432
1,520,408767
1,521,419629
1,522,437110
1,523,444817
1,524,402364
1,525,332908
1,526,310849
1,527,270215
1,528,249971
1,529,249434
1,530,253562
1,531,256710
1,532,261814
1,533,268202
1,534,304276
1,535,335199
1,536,314762
1,537,318352
1,538,335959
1,539,311359
1,540,324820
1,541,385462
1,542,389325
1,543,371187
1,544,322957
1,545,307958
1,546,292563
1,547,275975
1,548,272963
1,549,261178
1,550,264564
1,551,269183
1,552,264011
1,553,251204
1,554,237657
1,555,232961
1,556,228198
1,557,225152
1,558,224451
1,559,222605
1,560,222077
1,561,224689
1,562,226108
1,563,226386
1,564,226631
1,565,229158
1,566,229274
1,567,231696
1,568,235610
1,569,241597
1,570,247700
1,571,254412
1,572,262986
1,573,271317
1,574,277077
1,575,280816
1,576,285393
1,577,289201
1,578,293003
1,579,294953
1,580,296959
1,581,298561
1,582,299379
1,583,297886
1,584,296129
1,585,289037
1,586,282064
1,587,271764
1,588,262818
1,589,251834
1,590,240692
1,591,232334
1,592,223326
1,593,217500
1,594,213030
1,595,210177
1,596,206747
1,597,205039
1,598,204482
1,599,202589
1,600,202157
1,601,201541
1,602,201178
1,603,199636
1,604,199786
1,605,198665
1,606,197591
1,607,196862
1,608,197040
1,609,195672
1,610,194752
1,611,194487
1,612,193434
1,613,193107
1,614,192717
1,615,192303
1,616,191891
1,617,190734
1,618,189997
1,619,189084
1,620,188289
1,621,188757
1,622,187865
1,623,186967
1,624,187133
1,625,185968
1,626,184831
1,627,185082
1,628,185033
1,629,183610
1,630,183134
1,631,182985
1,632,183169
1,633,182023
1,634,181940
1,635,182558
1,636,181556
1,637,180697
1,638,180423
1,639,179790
1,640,179757
1,641,178964
1,642,178613
1,643,178783
1,644,178969
1,645,177531
1,646,176715
1,647,176258
1,648,175453
1,649,174527
1,650,174828
1,651,173960
1,652,173105
1,653,172463
1,654,172597
1,655,171257
1,656,169450
1,657,167865
1,658,165028
1,659,163009
1,660,161261
1,661,159538
1,662,158839
1,663,158574
1,664,157706
1,665,156927
1,666,156825
1,667,156173
1,668,155991
1,669,155348
1,670,154954
1,671,154943
1,672,155197
1,673,155141
1,674,155533
1,675,156016
1,676,156222
1,677,156375
1,678,156198
1,679,156506
1,680,155962
1,681,156222
1,682,155667
1,683,155213
1,684,155202
1,685,155388
1,686,154904
1,687,155289
1,688,154998
1,689,154900
1,690,154028
1,691,152882
1,692,152216
1,693,152017
1,694,151204
1,695,149628
1,696,148281
1,697,147349
1,698,145936
1,699,144507
1,700,144299
1,701,143966
1,702,143860
1,703,143372
1,704,142965
1,705,143113
1,706,142891
1,707,142504
1,708,142001
1,709,142132
1,710,141958
1,711,142083
1,712,142330
1,713,142029
1,714,141971
1,715,142413
1,716,142545
1,717,142173
1,718,141851
1,719,141118
1,720,141113
1,721,140652
1,722,140880
1,723,140762
1,724,140985
1,725,140668
1,726,141082
1,727,140719
1,728,140759
1,729,140230
1,730,140104
1,731,139850
1,732,139936
1,733,140122
1,734,140053
1,735,139887
1,736,139732
1,737,139336
1,738,139086
1,739,138796
1,740,138586
1,741,138739
1,742,138783
1,743,138513
1,744,138690
1,745,138778
1,746,138853
1,747,138602
1,748,137986
1,749,138156
1,750,138063
1,751,137652
1,752,138074
1,753,138433
1,754,138402
1,755,137791
1,756,137949
1,757,137600
1,758,137367
1,759,137569
1,760,137541
1,761,137215
1,762,137058
1,763,136970
1,764,137346
1,765,136881
1,766,136912
1,767,136063
1,768,136282
1,769,135932
1,770,136063
1,771,136437
1,772,135928
1,773,135513
1,774,135408
1,775,135166
1,776,134881
1,777,135374
1,778,135255
1,779,135094
1,780,135032
1,781,134858
1,782,135425
1,783,135196
1,784,135399
1,785,135193
1,786,135143
1,787,135351
1,788,135874
1,789,135569
1,790,135453
1,791,135237
1,792,135262
1,793,134979
1,794,134401
1,795,134358
1,796,134348
1,797,134462
1,798,134250
1,799,133808
1,800,134040
1,801,133916
1,802,134205
1,803,134183
1,804,133909
1,805,134190
1,806,134201
1,807,134299
1,808,133866
1,809,133731
1,810,133435
1,811,133606
1,812,133158
1,813,133098
1,814,133222
1,815,132924
1,816,132466
1,817,132542
1,818,131965
1,819,131747
1,820,131316
1,821,130927
1,822,131450
1,823,131530
1,824,131412
1,825,131447
1,826,131534
1,827,131150
1,828,131012
1,829,130839
1,830,130567
1,831,130419
1,832,130352
1,833,129868
1,834,130046
1,835,129908
1,836,129936
1,837,129729
1,838,129513
1,839,129233
1,840,128807
1,841,128861
1,842,128107
1,843,128386
1,844,128037
1,845,127951
1,846,127259
1,847,126913
1,848,127468
1,849,126923
1,850,126863
1,851,127253
1,852,126718
1,853,126451
1,854,126470
1,855,126432
1,856,126120
1,857,125725
1,858,125811
1,859,125585
1,860,125545
1,861,125077
1,862,124939
1,863,124762
1,864,124236
1,865,124360
1,866,124640
1,867,124664
1,868,124476
1,869,124105
1,870,124122
1,871,123795
1,872,123365
1,873,123118
1,874,122832
1,875,123034
1,876,122666
1,877,123022
1,878,123570
1,879,122889
1,880,123232
1,881,123353
1,882,123471
1,883,123771
1,884,123676
1,885,123571
1,886,123737
1,887,123809
1,888,123847
1,889,123499
1,890,123677
1,891,123277
1,892,123550
1,893,123293
1,894,123022
1,895,122830
1,896,122166
1,897,122007
1,898,122103
1,899,122159
1,900,122013
1,901,121633
1,902,121981
1,903,121678
1,904,121506
1,905,121295
1,906,121361
1,907,121280
1,908,121181
1,909,121075
1,910,120704
1,911,120690
1,912,120591
1,913,120427
1,914,120124
1,915,120304
1,916,120499
1,917,120149
1,918,119816
1,919,119930
1,920,120165
1,921,119535
1,922,119562
1,923,119519
1,924,119209
1,925,119047
1,926,118912
1,927,118393
1,928,118305
1,929,118494
1,930,118302
1,931,118549
1,932,118638
1,933,118442
1,934,118574
1,935,118365
1,936,118301
1,937,118075
1,938,118182
1,939,118172
1,940,118022
1,941,117792
1,942,117817
1,943,117639
1,944,117710
1,945,117346
1,946,117405
1,947,117094
1,948,117050
1,949,117404
1,950,117117
1,951,117300
1,952,117188
1,953,116746
1,954,116463
1,955,116532
1,956,116619
1,957,116357
1,958,116103
1,959,116293
1,960,116242
1,961,115905
1,962,115616
1,963,115355
1,964,115448
1,965,115256
1,966,114728
1,967,115006
1,968,115154
1,969,114918
1,970,114799
1,971,114523
1,972,114498
1,973,114345
1,974,114418
1,975,114149
1,976,113754
1,977,113713
1,978,113702
1,979,113923
1,980,114119
1,981,113898
1,982,113286
1,983,113429
1,984,113015
1,985,112872
1,986,113151
1,987,112956
1,988,113099
1,989,113356
1,990,113130
1,991,112977
1,992,113101
1,993,113195
1,994,113014
1,995,113082
1,996,112804
1,997,113287
1,998,112925
1,999,113150
1,1000,112936
1,1001,112644
1,1002,112761
1,1003,112857
1,1004,112568
1,1005,112982
1,1006,112943
1,1007,112923
1,1008,112872
1,1009,112840
1,1010,113050
1,1011,113398
1,1012,113206
1,1013,113367
1,1014,113371
1,1015,113375
1,1016,113039
1,1017,112661
1,1018,112569
1,1019,112297
1,1020,112770
1,1021,112520
1,1022,112486
1,1023,112761
1,1024,112823
1,1025,112884
1,1026,112892
1,1027,112559
1,1028,112950
1,1029,112679
1,1030,112899
1,1031,112793
1,1032,112354
1,1033,112695
1,1034,112239
1,1035,112001
1,1036,111651
1,1037,111667
1,1038,111618
1,1039,111707
1,1040,111330
1,1041,111565
1,1042,111496
1,1043,111392
1,1044,111399
1,1045,111341
1,1046,111154
1,1047,110925
1,1048,110697
1,1049,110815
1,1050,110901
1,1051,110773
1,1052,110723
1,1053,110814
1,1054,110669
1,1055,110560
1,1056,110983
1,1057,110728
1,1058,110347
1,1059,110516
1,1060,110529
1,1061,111022
1,1062,110832
1,1063,110338
1,1064,110620
1,1065,110594
1,1066,110287
1,1067,110474
1,1068,109911
1,1069,109813
1,1070,109830
1,1071,109529
1,1072,109715
1,1073,109422
1,1074,109202
1,1075,109122
1,1076,109202
1,1077,109050
1,1078,109206
1,1079,109030
1,1080,108825
1,1081,108543
1,1082,108234
1,1083,108256
1,1084,108420
1,1085,107985
1,1086,108045
1,1087,108081
1,1088,108054
1,1089,107316
1,1090,107505
1,1091,107042
1,1092,106869
1,1093,106744
1,1094,106615
1,1095,106523
1,1096,106231
1,1097,106177
1,1098,106171
1,1099,105837
1,1100,105665
1,1101,105521
1,1102,105622
1,1103,105338
1,1104,105067
1,1105,104839
1,1106,104799
1,1107,104782
1,1108,104758
1,1109,104719
1,1110,104665
1,1111,104787
1,1112,104515
1,1113,104253
1,1114,104395
1,1115,104467
1,1116,103829
1,1117,103839
1,1118,103952
1,1119,103734
1,1120,103367
1,1121,103406
1,1122,103103
1,1123,103036
1,1124,102731
1,1125,102537
1,1126,102897
1,1127,102562
1,1128,102500
1,1129,102214
1,1130,102277
1,1131,101954
1,1132,101937
1,1133,101723
1,1134,101747
1,1135,101387
1,1136,101480
1,1137,101375
1,1138,101251
1,1139,101138
1,1140,100790
1,1141,101035
1,1142,100399
1,1143,100225
1,1144,99999
1,1145,100041
1,1146,99698
1,1147,99470
1,1148,99375
1,1149,99179
1,1150,99044
1,1151,98624
1,1152,98699
1,1153,98427
1,1154,98416
1,1155,98370
1,1156,97900
1,1157,97809
1,1158,97995
1,1159,97654
1,1160,97711
1,1161,97649
1,1162,97705
1,1163,97754
1,1164,97508
1,1165,97124
1,1166,97068
1,1167,97124
1,1168,97099
1,1169,97001
1,1170,96722
1,1171,96896
1,1172,97026
1,1173,97046
1,1174,97057
1,1175,96751
1,1176,97145
1,1177,97041
1,1178,96694
1,1179,96378
1,1180,96310
1,1181,96441
1,1182,96477
1,1183,96233
1,1184,96178
1,1185,96441
1,1186,96403
1,1187,96412
1,1188,96106
1,1189,96252
1,1190,95884
1,1191,95977
1,1192,95959
1,1193,95656
1,1194,95487
1,1195,95761
1,1196,95553
1,1197,95346
1,1198,95235
1,1199,94989
1,1200,94652
1,1201,94858
1,1202,94709
1,1203,94650
1,1204,94445
1,1205,94515
1,1206,94323
1,1207,94458
1,1208,94708
1,1209,94904
1,1210,94582
1,1211,94357
1,1212,94125
1,1213,94333
1,1214,94072
1,1215,94092
1,1216,94137
1,1217,94103
1,1218,94360
1,1219,94355
1,1220,94458
1,1221,94419
1,1222,94242
1,1223,94228
1,1224,94329
1,1225,94343
1,1226,94394
1,1227,94504
1,1228,94296
1,1229,94387
1,1230,94585
1,1231,94227
1,1232,94466
1,1233,94651
1,1234,94572
1,1235,94619
1,1236,94374
1,1237,94147
1,1238,94244
1,1239,94202
1,1240,94312
1,1241,94305
1,1242,94060
1,1243,94075
1,1244,93994
1,1245,93729
1,1246,93571
1,1247,93379
1,1248,93319
1,1249,93280
1,1250,93047
1,1251,93131
1,1252,93073
1,1253,93146
1,1254,92948
1,1255,92654
1,1256,92525
1,1257,92519
1,1258,92303
1,1259,92086
1,1260,92215
1,1261,91930
1,1262,91889
1,1263,91692
1,1264,91649
1,1265,91568
1,1266,91161
1,1267,91220
1,1268,91228
1,1269,91078
1,1270,91162
1,1271,91181
1,1272,91069
1,1273,90951
1,1274,90980
1,1275,90616
1,1276,90787
1,1277,90876
1,1278,90860
1,1279,90954
1,1280,91011
1,1281,91048
1,1282,90837
1,1283,91036
1,1284,91137
1,1285,90777
1,1286,90981
1,1287,91007
1,1288,91049
1,1289,91058
1,1290,91070
1,1291,90971
1,1292,90957
1,1293,90907
1,1294,90861
1,1295,90947
1,1296,91088
1,1297,91164
1,1298,91054
1,1299,91329
1,1300,91294
1,1301,91540
1,1302,91123
1,1303,91203
1,1304,91187
1,1305,91161
1,1306,91279
1,1307,91511
1,1308,91599
1,1309,91675
1,1310,91507
1,1311,91573
1,1312,91849
1,1313,91875
1,1314,91512
1,1315,91374
1,1316,91485
1,1317,91502
1,1318,91562
1,1319,91760
1,1320,91709
1,1321,91547
1,1322,91382
1,1323,91179
1,1324,90976
1,1325,90955
1,1326,90877
1,1327,90757
1,1328,90877
1,1329,90715
1,1330,90741
1,1331,90530
1,1332,90388
1,1333,90451
1,1334,90346
1,1335,90534
1,1336,90035
1,1337,90148
1,1338,89908
1,1339,89265
1,1340,100064
