1,1,68612
1,2,68645
1,3,68665
1,4,68609
1,5,68637
1,6,68610
1,7,68591
1,8,68695
1,9,68524
1,10,68595
1,11,68562
1,12,68594
1,13,68667
1,14,68694
1,15,68665
1,16,68638
1,17,68640
1,18,68638
1,19,68619
1,20,68639
1,21,68642
1,22,68529
1,23,68697
1,24,68620
1,25,68613
1,26,68681
1,27,68665
1,28,68613
1,29,68681
1,30,68623
1,31,68628
1,32,68705
1,33,68716
1,34,68662
1,35,68689
1,36,68679
1,37,68663
1,38,68638
1,39,68611
1,40,68607
1,41,68586
1,42,68669
1,43,68664
1,44,68676
1,45,68627
1,46,68662
1,47,68602
1,48,68689
1,49,68645
1,50,68717
1,51,68563
1,52,68540
1,53,68753
1,54,68610
1,55,68645
1,56,68711
1,57,68741
1,58,68664
1,59,68601
1,60,68639
1,61,68686
1,62,68644
1,63,68713
1,64,68702
1,65,68650
1,66,68618
1,67,68624
1,68,68638
1,69,68698
1,70,68552
1,71,68681
1,72,68694
1,73,68701
1,74,68784
1,75,68663
1,76,68658
1,77,68659
1,78,68643
1,79,68575
1,80,68689
1,81,68684
1,82,68683
1,83,68613
1,84,68677
1,85,68650
1,86,68679
1,87,68701
1,88,68677
1,89,68689
1,90,68681
1,91,68694
1,92,68623
1,93,68690
1,94,68662
1,95,68740
1,96,68707
1,97,68730
1,98,68713
1,99,68720
1,100,68730
1,101,68721
1,102,68694
1,103,68685
1,104,68683
1,105,68694
1,106,68765
1,107,68791
1,108,68738
1,109,68767
1,110,68800
1,111,68853
1,112,68761
1,113,68755
1,114,68785
1,115,68740
1,116,68724
1,117,68784
1,118,68778
1,119,68791
1,120,68746
1,121,68798
1,122,68704
1,123,68758
1,124,68772
1,125,68774
1,126,68826
1,127,68754
1,128,68779
1,129,68821
1,130,68771
1,131,68862
1,132,68827
1,133,68752
1,134,68813
1,135,68766
1,136,68749
1,137,68745
1,138,68896
1,139,68891
1,140,68857
1,141,68872
1,142,68866
1,143,68824
1,144,68922
1,145,68895
1,146,68876
1,147,68885
1,148,68781
1,149,68902
1,150,68937
1,151,68980
1,152,68928
1,153,68956
1,154,68992
1,155,69030
1,156,69052
1,157,69003
1,158,69126
1,159,69016
1,160,69233
1,161,69138
1,162,69238
1,163,69176
1,164,69195
1,165,69287
1,166,69238
1,167,69234
1,168,69298
1,169,69333
1,170,69476
1,171,69509
1,172,69584
1,173,69633
1,174,69593
1,175,69662
1,176,69718
1,177,69964
1,178,69968
1,179,70275
1,180,70228
1,181,70848
1,182,71465
1,183,72826
1,184,74337
1,185,75537
1,186,77976
1,187,84363
1,188,95954
1,189,102182
1,190,107599
1,191,124030
1,192,156051
1,193,170773
1,194,169564
1,195,182103
1,196,196070
1,197,195715
1,198,185279
1,199,176934
1,200,162353
1,201,145392
1,202,135428
1,203,129221
1,204,117104
1,205,101164
1,206,89788
1,207,81289
1,208,75333
1,209,72940
1,210,72311
1,211,71721
1,212,71027
1,213,70627
1,214,70348
1,215,70197
1,216,69921
1,217,69708
1,218,69727
1,219,69593
1,220,69675
1,221,69647
1,222,69723
1,223,69720
1,224,69848
1,225,69947
1,226,69886
1,227,69691
1,228,69843
1,229,69839
1,230,69660
1,231,69471
1,232,69341
1,233,69340
1,234,69413
1,235,69353
1,236,69314
1,237,69227
1,238,69261
1,239,69195
1,240,69322
1,241,69247
1,242,69190
1,243,69240
1,244,69150
1,245,69263
1,246,69192
1,247,69286
1,248,69226
1,249,69343
1,250,69362
1,251,69405
1,252,69458
1,253,69447
1,254,69438
1,255,69485
1,256,69368
1,257,69322
1,258,69161
1,259,69105
1,260,69156
1,261,69163
1,262,69078
1,263,69085
1,264,69049
1,265,68984
1,266,69094
1,267,68988
1,268,69060
1,269,69008
1,270,69071
1,271,69080
1,272,69006
1,273,68995
1,274,69084
1,275,69014
1,276,69069
1,277,68979
1,278,68967
1,279,69009
1,280,68878
1,281,68950
1,282,68981
1,283,69033
1,284,69005
1,285,68977
1,286,68985
1,287,68997
1,288,68965
1,289,69028
1,290,68993
1,291,68945
1,292,69010
1,293,69000
1,294,69013
1,295,69052
1,296,69079
1,297,69103
1,298,69110
1,299,69073
1,300,69032
1,301,69054
1,302,69079
1,303,69018
1,304,68940
1,305,69074
1,306,68991
1,307,69045
1,308,68940
1,309,68979
1,310,68943
1,311,68973
1,312,68991
1,313,69012
1,314,69146
1,315,68941
1,316,68979
1,317,69057
1,318,69010
1,319,69047
1,320,69060
1,321,68983
1,322,68988
1,323,69001
1,324,68965
1,325,69032
1,326,69050
1,327,69110
1,328,69057
1,329,69125
1,330,69090
1,331,69125
1,332,69215
1,333,69188
1,334,69205
1,335,69278
1,336,69235
1,337,69227
1,338,69212
1,339,69215
1,340,69123
1,341,69159
1,342,69113
1,343,69164
1,344,69094
1,345,69088
1,346,69101
1,347,69052
1,348,69005
1,349,68984
1,350,69077
1,351,68983
1,352,68970
1,353,68980
1,354,69019
1,355,68905
1,356,68991
1,357,68947
1,358,68987
1,359,68904
1,360,68964
1,361,69017
1,362,68950
1,363,68897
1,364,68952
1,365,68886
1,366,68990
1,367,68938
1,368,68894
1,369,68981
1,370,68940
1,371,68954
1,372,68939
1,373,68974
1,374,68959
1,375,68975
1,376,68966
1,377,68896
1,378,68912
1,379,68917
1,380,69076
1,381,69011
1,382,69028
1,383,68966
1,384,69169
1,385,68990
1,386,68995
1,387,69082
1,388,68971
1,389,68914
1,390,69026
1,391,69023
1,392,69075
1,393,69024
1,394,68948
1,395,69009
1,396,68919
1,397,68986
1,398,69017
1,399,68992
1,400,69021
1,401,69006
1,402,69021
1,403,69011
1,404,69081
1,405,69014
1,406,69075
1,407,69014
1,408,68977
1,409,68975
1,410,69042
1,411,68998
1,412,69013
1,413,69055
1,414,69094
1,415,69064
1,416,69035
1,417,69008
1,418,69074
1,419,69132
1,420,69086
1,421,69066
1,422,69000
1,423,69096
1,424,69164
1,425,69126
1,426,69115
1,427,69143
1,428,69023
1,429,69088
1,430,69076
1,431,69052
1,432,69078
1,433,68952
1,434,69038
1,435,68988
1,436,69081
1,437,69010
1,438,69070
1,439,69069
1,440,69007
1,441,69055
1,442,68992
1,443,69034
1,444,68972
1,445,69050
1,446,69043
1,447,69102
1,448,69073
1,449,68997
1,450,69014
1,451,69051
1,452,69055
1,453,69061
1,454,69017
1,455,69025
1,456,69012
1,457,69022
1,458,69042
1,459,69070
1,460,69073
1,461,69113
1,462,68996
1,463,69091
1,464,69075
1,465,69046
1,466,68984
1,467,69151
1,468,69132
1,469,69068
1,470,69059
1,471,69109
1,472,69006
1,473,69096
1,474,69034
1,475,69040
1,476,69044
1,477,69055
1,478,69114
1,479,69072
1,480,69137
1,481,69101
1,482,69074
1,483,68958
1,484,69079
1,485,68991
1,486,69136
1,487,69032
1,488,69103
1,489,69092
1,490,69099
1,491,69010
1,492,69089
1,493,68956
1,494,69078
1,495,68953
1,496,69059
1,497,68997
1,498,69023
1,499,69057
1,500,68963
1,501,68988
1,502,69072
1,503,69036
1,504,69077
1,505,69053
1,506,69077
1,507,69018
1,508,68998
1,509,69073
1,510,69039
1,511,69053
1,512,69026
1,513,69017
1,514,68961
1,515,68959
1,516,69010
1,517,69074
1,518,69030
1,519,69128
1,520,69009
1,521,69129
1,522,69189
1,523,69119
1,524,69105
1,525,69008
1,526,69029
1,527,69043
1,528,69044
1,529,69023
1,530,69103
1,531,69037
1,532,68991
1,533,69138
1,534,69140
1,535,69081
1,536,69096
1,537,69165
1,538,69014
1,539,69130
1,540,69086
1,541,69102
1,542,69113
1,543,69188
1,544,69061
1,545,69101
1,546,69143
1,547,69057
1,548,69070
1,549,69074
1,550,69095
1,551,69118
1,552,69057
1,553,69057
1,554,69074
1,555,69156
1,556,69123
1,557,69057
1,558,69155
1,559,69090
1,560,69126
1,561,69116
1,562,69143
1,563,69151
1,564,69138
1,565,69100
1,566,69122
1,567,69073
1,568,68980
1,569,69068
1,570,69073
1,571,69219
1,572,69138
1,573,69065
1,574,69078
1,575,69205
1,576,69109
1,577,69111
1,578,69095
1,579,69069
1,580,69238
1,581,69312
1,582,69167
1,583,69196
1,584,69135
1,585,69123
1,586,69137
1,587,69164
1,588,69186
1,589,69065
1,590,69176
1,591,69147
1,592,69088
1,593,69115
1,594,69177
1,595,69134
1,596,69169
1,597,69156
1,598,69143
1,599,69177
1,600,69046
1,601,69147
1,602,69130
1,603,69130
1,604,69163
1,605,69132
1,606,69137
1,607,69145
1,608,69073
1,609,69162
1,610,69151
1,611,69147
1,612,69170
1,613,69121
1,614,69125
1,615,69164
1,616,69145
1,617,69146
1,618,69207
1,619,69103
1,620,69104
1,621,69196
1,622,69234
1,623,69160
1,624,69166
1,625,69134
1,626,69226
1,627,69235
1,628,69211
1,629,69100
1,630,69148
1,631,69152
1,632,69198
1,633,69215
1,634,69201
1,635,69119
1,636,69241
1,637,69179
1,638,69210
1,639,69245
1,640,69200
1,641,69241
1,642,69218
1,643,69272
1,644,69344
1,645,69292
1,646,69394
1,647,69448
1,648,69552
1,649,69603
1,650,69778
1,651,69827
1,652,69820
1,653,70106
1,654,70224
1,655,70297
1,656,70374
1,657,70402
1,658,70576
1,659,70600
1,660,70613
1,661,70591
1,662,70629
1,663,70585
1,664,70379
1,665,70322
1,666,70112
1,667,70067
1,668,69904
1,669,69788
1,670,69703
1,671,69620
1,672,69513
1,673,69541
1,674,69348
1,675,69355
1,676,69342
1,677,69270
1,678,69213
1,679,69304
1,680,69332
1,681,69457
1,682,69302
1,683,69238
1,684,69225
1,685,69231
1,686,69143
1,687,69268
1,688,69286
1,689,69238
1,690,69186
1,691,69218
1,692,69279
1,693,69210
1,694,69231
1,695,69185
1,696,69280
1,697,69236
1,698,69288
1,699,69231
1,700,69254
1,701,69154
1,702,69191
1,703,69223
1,704,69151
1,705,69179
1,706,69233
1,707,69199
1,708,69158
1,709,69142
1,710,69206
1,711,69187
1,712,69206
1,713,69192
1,714,69227
1,715,69313
1,716,69265
1,717,69241
1,718,69274
1,719,69219
1,720,69263
1,721,69225
1,722,69245
1,723,69265
1,724,69275
1,725,69284
1,726,69292
1,727,69360
1,728,69324
1,729,69386
1,730,69396
1,731,69352
1,732,69265
1,733,69363
1,734,69373
1,735,69256
1,736,69370
1,737,69366
1,738,69366
1,739,69392
1,740,69300
1,741,69368
1,742,69518
1,743,69440
1,744,69444
1,745,69562
1,746,69633
1,747,69555
1,748,69575
1,749,69719
1,750,69734
1,751,69713
1,752,69781
1,753,69846
1,754,69850
1,755,69949
1,756,69931
1,757,69963
1,758,69976
1,759,69930
1,760,69916
1,761,69846
1,762,69915
1,763,69886
1,764,69850
1,765,69868
1,766,69815
1,767,69789
1,768,69760
1,769,69799
1,770,69773
1,771,69814
1,772,69768
1,773,69812
1,774,69898
1,775,69898
1,776,70026
1,777,69973
1,778,69958
1,779,69986
1,780,70172
1,781,70071
1,782,70143
1,783,70075
1,784,70170
1,785,70145
1,786,70101
1,787,70116
1,788,70052
1,789,70087
1,790,70027
1,791,70051
1,792,69925
1,793,69941
1,794,69774
1,795,69903
1,796,69843
1,797,69757
1,798,69863
1,799,69738
1,800,69776
1,801,69732
1,802,69822
1,803,69700
1,804,69629
1,805,69706
1,806,69659
1,807,69712
1,808,69594
1,809,69725
1,810,69662
1,811,69575
1,812,69604
1,813,69639
1,814,69560
1,815,69549
1,816,69621
1,817,69610
1,818,69581
1,819,69615
1,820,69588
1,821,69692
1,822,69598
1,823,69563
1,824,69605
1,825,69600
1,826,69674
1,827,69609
1,828,69642
1,829,69608
1,830,69634
1,831,69576
1,832,69570
1,833,69609
1,834,69590
1,835,69566
1,836,69712
1,837,69613
1,838,69607
1,839,69569
1,840,69707
1,841,69620
1,842,69754
1,843,69721
1,844,69696
1,845,69692
1,846,69610
1,847,69613
1,848,69673
1,849,69617
1,850,69675
1,851,69695
1,852,69690
1,853,69644
1,854,69687
1,855,69610
1,856,69652
1,857,69669
1,858,69656
1,859,69639
1,860,69643
1,861,69726
1,862,69707
1,863,69735
1,864,69710
1,865,69698
1,866,69707
1,867,69740
1,868,69769
1,869,69777
1,870,69826
1,871,69735
1,872,69815
1,873,69685
1,874,69734
1,875,69834
1,876,69764
1,877,69820
1,878,69795
1,879,69853
1,880,69842
1,881,69828
1,882,69844
1,883,69846
1,884,69878
1,885,69871
1,886,69967
1,887,69907
1,888,69970
1,889,70007
1,890,69981
1,891,70129
1,892,70056
1,893,70090
1,894,70117
1,895,70122
1,896,70123
1,897,70191
1,898,70165
1,899,70138
1,900,70083
1,901,70061
1,902,70028
1,903,70058
1,904,70004
1,905,69993
1,906,69987
1,907,69934
1,908,70006
1,909,69981
1,910,70019
1,911,69968
1,912,69996
1,913,69949
1,914,69974
1,915,69876
1,916,69996
1,917,69987
1,918,69977
1,919,69933
1,920,69947
1,921,70005
1,922,70108
1,923,70094
1,924,70068
1,925,70144
1,926,70181
1,927,70135
1,928,70172
1,929,70088
1,930,70163
1,931,70123
1,932,70107
1,933,70107
1,934,70097
1,935,70054
1,936,69976
1,937,70052
1,938,70050
1,939,69917
1,940,69943
1,941,69953
1,942,70047
1,943,70083
1,944,69949
1,945,69999
1,946,70007
1,947,69941
1,948,70003
1,949,70001
1,950,70151
1,951,70035
1,952,70096
1,953,70080
1,954,70113
1,955,70127
1,956,70111
1,957,70092
1,958,70145
1,959,70030
1,960,70141
1,961,70182
1,962,70161
1,963,70062
1,964,70095
1,965,70120
1,966,70124
1,967,70099
1,968,70174
1,969,70143
1,970,70103
1,971,70096
1,972,70150
1,973,70145
1,974,70177
1,975,70132
1,976,70228
1,977,70227
1,978,70141
1,979,70283
1,980,70229
1,981,70279
1,982,70201
1,983,70182
1,984,70291
1,985,70315
1,986,70322
1,987,70276
1,988,70410
1,989,70311
1,990,70383
1,991,70313
1,992,70423
1,993,70406
1,994,70393
1,995,70356
1,996,70519
1,997,70458
1,998,70476
1,999,70525
1,1000,70581
1,1001,70489
1,1002,70659
1,1003,70760
1,1004,70832
1,1005,70855
1,1006,70815
1,1007,70940
1,1008,71018
1,1009,71154
1,1010,71116
1,1011,71172
1,1012,71185
1,1013,71128
1,1014,71170
1,1015,71060
1,1016,71109
1,1017,71034
1,1018,70896
1,1019,70747
1,1020,70735
1,1021,70753
1,1022,70727
1,1023,70665
1,1024,70579
1,1025,70563
1,1026,70597
1,1027,70575
1,1028,70632
1,1029,70479
1,1030,70612
1,1031,70536
1,1032,70590
1,1033,70583
1,1034,70604
1,1035,70525
1,1036,70506
1,1037,70613
1,1038,70422
1,1039,70486
1,1040,70502
1,1041,70320
1,1042,70432
1,1043,70406
1,1044,70417
1,1045,70387
1,1046,70479
1,1047,70418
1,1048,70413
1,1049,70299
1,1050,70332
1,1051,70407
1,1052,70372
1,1053,70256
1,1054,70367
1,1055,70286
1,1056,70372
1,1057,70279
1,1058,70235
1,1059,70318
1,1060,70358
1,1061,70335
1,1062,70310
1,1063,70352
1,1064,70294
1,1065,70333
1,1066,70336
1,1067,70302
1,1068,70391
1,1069,70356
1,1070,70295
1,1071,70377
1,1072,70210
1,1073,70246
1,1074,70287
1,1075,70282
1,1076,70279
1,1077,70270
1,1078,70359
1,1079,70358
1,1080,70282
1,1081,70257
1,1082,70325
1,1083,70268
1,1084,70293
1,1085,70402
1,1086,70185
1,1087,70268
1,1088,70228
1,1089,70344
1,1090,70274
1,1091,70381
1,1092,70289
1,1093,70386
1,1094,70434
1,1095,70362
1,1096,70317
1,1097,70301
1,1098,70347
1,1099,70342
1,1100,70334
1,1101,70358
1,1102,70328
1,1103,70336
1,1104,70334
1,1105,70262
1,1106,70301
1,1107,70361
1,1108,70384
1,1109,70441
1,1110,70385
1,1111,70337
1,1112,70380
1,1113,70322
1,1114,70416
1,1115,70416
1,1116,70384
1,1117,70430
1,1118,70357
1,1119,70336
1,1120,70367
1,1121,70340
1,1122,70419
1,1123,70421
1,1124,70454
1,1125,70373
1,1126,70391
1,1127,70412
1,1128,70414
1,1129,70444
1,1130,70372
1,1131,70498
1,1132,70494
1,1133,70326
1,1134,70386
1,1135,70362
1,1136,70447
1,1137,70415
1,1138,70484
1,1139,70396
1,1140,70384
1,1141,70419
1,1142,70425
1,1143,70503
1,1144,70373
1,1145,70348
1,1146,70546
1,1147,70366
1,1148,70483
1,1149,70570
1,1150,70420
1,1151,70443
1,1152,70413
1,1153,70487
1,1154,70488
1,1155,70464
1,1156,70445
1,1157,70340
1,1158,70505
1,1159,70481
1,1160,70475
1,1161,70470
1,1162,70511
1,1163,70553
1,1164,70514
1,1165,70593
1,1166,70379
1,1167,70524
1,1168,70452
1,1169,70595
1,1170,70569
1,1171,70569
1,1172,70614
1,1173,70614
1,1174,70667
1,1175,70584
1,1176,70587
1,1177,70540
1,1178,70446
1,1179,70439
1,1180,70478
1,1181,70563
1,1182,70576
1,1183,70560
1,1184,70607
1,1185,70599
1,1186,70598
1,1187,70564
1,1188,70607
1,1189,70559
1,1190,70600
1,1191,70486
1,1192,70449
1,1193,70565
1,1194,70449
1,1195,70484
1,1196,70506
1,1197,70474
1,1198,70505
1,1199,70563
1,1200,70501
1,1201,70514
1,1202,70594
1,1203,70530
1,1204,70642
1,1205,70482
1,1206,70453
1,1207,70441
1,1208,70527
1,1209,70544
1,1210,70525
1,1211,70546
1,1212,70467
1,1213,70508
1,1214,70504
1,1215,70414
1,1216,70518
1,1217,70418
1,1218,70496
1,1219,70508
1,1220,70626
1,1221,70556
1,1222,70593
1,1223,70580
1,1224,70545
1,1225,70568
1,1226,70537
1,1227,70607
1,1228,70595
1,1229,70522
1,1230,70474
1,1231,70536
1,1232,70595
1,1233,70595
1,1234,70555
1,1235,70518
1,1236,70687
1,1237,70603
1,1238,70595
1,1239,70592
1,1240,70529
1,1241,70646
1,1242,70655
1,1243,70560
1,1244,70615
1,1245,70580
1,1246,70557
1,1247,70683
1,1248,70597
1,1249,70633
1,1250,70603
1,1251,70686
1,1252,70592
1,1253,70661
1,1254,70671
1,1255,70550
1,1256,70581
1,1257,70678
1,1258,70708
1,1259,70656
1,1260,70656
1,1261,70611
1,1262,70790
1,1263,70687
1,1264,70734
1,1265,70687
1,1266,70577
1,1267,70605
1,1268,70745
1,1269,70582
1,1270,70768
1,1271,70705
1,1272,70633
1,1273,70704
1,1274,70669
1,1275,70644
1,1276,70609
1,1277,70713
1,1278,70718
1,1279,70641
1,1280,70722
1,1281,70615
1,1282,70620
1,1283,70652
1,1284,70592
1,1285,70625
1,1286,70663
1,1287,70692
1,1288,70563
1,1289,70743
1,1290,70649
1,1291,70673
1,1292,70630
1,1293,70707
1,1294,70640
1,1295,70681
1,1296,70743
1,1297,70688
1,1298,70699
1,1299,70703
1,1300,70590
1,1301,70686
1,1302,70629
1,1303,70632
1,1304,70656
1,1305,70675
1,1306,70605
1,1307,70673
1,1308,70669
1,1309,70603
1,1310,70617
1,1311,70670
1,1312,70696
1,1313,70703
1,1314,70755
1,1315,70619
1,1316,70684
1,1317,70676
1,1318,70677
1,1319,70698
1,1320,70597
1,1321,70635
1,1322,70601
1,1323,70702
1,1324,70674
1,1325,70688
1,1326,70679
1,1327,70645
1,1328,70689
1,1329,70603
1,1330,70612
1,1331,70591
1,1332,70586
1,1333,70518
1,1334,70580
1,1335,70455
1,1336,70438
1,1337,70450
1,1338,70438
1,1339,70016
1,1340,81307
