1,-398.209,303544
1,-396.141,304323
1,-394.073,304751
1,-392.005,305319
1,-389.938,305740
1,-387.87,306142
1,-385.803,306607
1,-383.736,307145
1,-381.67,307597
1,-379.603,307829
1,-377.537,308251
1,-375.471,308802
1,-373.405,308766
1,-371.34,309354
1,-369.275,310036
1,-367.21,310249
1,-365.145,310687
1,-363.08,310857
1,-361.016,311496
1,-358.951,311929
1,-356.887,312517
1,-354.824,313206
1,-352.76,313515
1,-350.697,314176
1,-348.634,314842
1,-346.571,315367
1,-344.508,315765
1,-342.446,316228
1,-340.384,316943
1,-338.322,317428
1,-336.26,318428
1,-334.198,318599
1,-332.137,319189
1,-330.076,319315
1,-328.016,319981
1,-325.955,320390
1,-323.895,321265
1,-321.835,321065
1,-319.775,321540
1,-317.715,322312
1,-315.656,322842
1,-313.597,323363
1,-311.538,323996
1,-309.48,324313
1,-307.421,325168
1,-305.363,325458
1,-303.305,326084
1,-301.248,326552
1,-299.191,327309
1,-297.134,327572
1,-295.077,328323
1,-293.02,328510
1,-290.964,329466
1,-288.908,330334
1,-286.852,330905
1,-284.797,331357
1,-282.741,331892
1,-280.686,332935
1,-278.632,333338
1,-276.577,334011
1,-274.523,334696
1,-272.469,335067
1,-270.415,335887
1,-268.362,336583
1,-266.309,337056
1,-264.256,337627
1,-262.203,338212
1,-260.151,339055
1,-258.099,339441
1,-256.047,340828
1,-253.995,341332
1,-251.944,342027
1,-249.893,342624
1,-247.842,343748
1,-245.792,344197
1,-243.742,344892
1,-241.692,345792
1,-239.642,346351
1,-237.593,347241
1,-235.544,347923
1,-233.495,348634
1,-231.447,349315
1,-229.398,350154
1,-227.351,350706
1,-225.303,351830
1,-223.256,352015
1,-221.209,353053
1,-219.162,353714
1,-217.115,354608
1,-215.069,355297
1,-213.023,356869
1,-210.978,357805
1,-208.932,359280
1,-206.887,361642
1,-204.843,363901
1,-202.798,366280
1,-200.754,367072
1,-198.71,368070
1,-196.667,368811
1,-194.623,369299
1,-192.58,370000
1,-190.538,370947
1,-188.495,371453
1,-186.453,372492
1,-184.412,372547
1,-182.37,373191
1,-180.329,372910
1,-178.288,372451
1,-176.248,373195
1,-174.208,373353
1,-172.168,373756
1,-170.128,374433
1,-168.089,374887
1,-166.05,376336
1,-164.011,376489
1,-161.973,377648
1,-159.935,379012
1,-157.897,379288
1,-155.86,380532
1,-153.823,381427
1,-151.786,382136
1,-149.75,383064
1,-147.713,384353
1,-145.678,385178
1,-143.642,385457
1,-141.607,386901
1,-139.572,388369
1,-137.538,388615
1,-135.504,389811
1,-133.47,390275
1,-131.436,391562
1,-129.403,392257
1,-127.37,393334
1,-125.338,394094
1,-123.305,395659
1,-121.273,396405
1,-119.242,397167
1,-117.211,398076
1,-115.18,399803
1,-113.149,400320
1,-111.119,401370
1,-109.089,402010
1,-107.06,403149
1,-105.03,404505
1,-103.002,405510
1,-100.973,406391
1,-98.9449,407199
1,-96.9171,408702
1,-94.8896,409279
1,-92.8624,410143
1,-90.8356,411477
1,-88.8091,412551
1,-86.783,413956
1,-84.7572,414155
1,-82.7318,415376
1,-80.7067,415786
1,-78.682,416979
1,-76.6576,418726
1,-74.6336,419245
1,-72.6099,420613
1,-70.5866,421597
1,-68.5636,421939
1,-66.541,423538
1,-64.5187,424431
1,-62.4968,425293
1,-60.4753,427120
1,-58.4541,427936
1,-56.4332,428602
1,-54.4128,429248
1,-52.3927,430790
1,-50.3729,432504
1,-48.3535,432660
1,-46.3345,433591
1,-44.3158,434814
1,-42.2975,435674
1,-40.2796,436690
1,-38.262,438065
1,-36.2448,438187
1,-34.2279,438807
1,-32.2115,439377
1,-30.1954,440283
1,-28.1796,441866
1,-26.1643,441401
1,-24.1493,442070
1,-22.1347,441442
1,-20.1204,440505
1,-18.1066,437864
1,-16.0931,434749
1,-14.0799,430786
1,-12.0672,425375
1,-10.0548,418521
1,-8.04285,410487
1,-6.03125,401285
1,-4.02002,391962
1,-2.00917,381135
1,0.00129508,369576
1,2.01138,358730
1,4.02108,347823
1,6.03039,337988
1,8.03933,329286
1,10.0479,322279
1,12.056,316378
1,14.0638,311748
1,16.0712,308302
1,18.0782,305675
1,20.0848,303621
1,22.091,302088
1,24.0968,301049
1,26.1023,299899
1,28.1073,299265
1,30.112,298908
1,32.1162,298176
1,34.1201,298051
1,36.1235,297594
1,38.1266,297505
1,40.1293,297651
1,42.1315,297378
1,44.1334,297380
1,46.1349,297306
1,48.1359,297190
1,50.1366,297334
1,52.1369,297168
1,54.1367,297418
1,56.1362,297019
1,58.1352,297076
1,60.1339,297076
1,62.1321,297028
1,64.1299,296906
1,66.1274,297160
1,68.1244,297096
1,70.121,296997
1,72.1172,296992
1,74.113,296897
1,76.1084,297043
1,78.1033,296954
1,80.0979,296827
1,82.092,297103
1,84.0857,296982
1,86.079,296919
1,88.0719,297106
1,90.0644,297208
1,92.0564,297295
1,94.0481,297203
1,96.0393,297059
1,98.0301,297227
1,100.02,297215
1,102.01,297054
1,104,297049
1,105.989,297108
1,107.978,297135
1,109.966,297200
1,111.954,297210
1,113.941,296997
1,115.928,297264
1,117.915,297217
1,119.901,297200
1,121.887,297232
1,123.872,297230
1,125.857,297144
1,127.841,297366
1,129.825,297283
1,131.808,297169
1,133.792,297308
1,135.774,297183
1,137.756,297448
1,139.738,297292
1,141.72,297368
1,143.701,297400
1,145.681,297470
1,147.661,297470
1,149.641,297628
1,151.62,297534
1,153.599,297432
1,155.577,297703
1,157.555,297459
1,159.532,297520
1,161.509,297620
1,163.485,297798
1,165.461,297739
1,167.437,297809
1,169.412,297910
1,171.387,298065
1,173.361,298063
1,175.335,298087
1,177.308,297849
1,179.281,298094
1,181.254,297686
1,183.226,297883
1,185.197,298079
1,187.168,298155
1,189.139,298139
1,191.109,298393
1,193.079,298648
1,195.048,298277
1,197.017,298662
1,198.985,298699
1,200.953,298721
1,202.921,299386
1,204.888,299503
1,206.854,299971
1,208.82,300450
1,210.786,301486
1,212.751,302167
1,214.716,304105
1,216.68,305914
1,218.643,307534
1,220.607,309837
1,222.57,311819
1,224.532,315126
1,226.494,317915
1,228.455,322015
1,230.416,326382
1,232.376,331700
1,234.336,337161
1,236.296,342430
1,238.255,347949
1,240.214,353032
1,242.172,357468
1,244.129,362522
1,246.086,369182
1,248.043,376581
1,249.999,385420
1,251.955,394648
1,253.91,404059
1,255.865,411974
1,257.819,418293
1,259.773,422546
1,261.726,426734
1,263.679,432427
1,265.631,439272
1,267.583,448198
1,269.534,458442
1,271.485,469311
1,273.436,478303
1,275.386,484484
1,277.335,488060
1,279.284,489976
1,281.232,491436
1,283.18,494063
1,285.128,499064
1,287.075,506654
1,289.021,516981
1,290.967,525653
1,292.913,533532
1,294.858,538456
1,296.802,541200
1,298.746,541834
1,300.69,542201
1,302.633,544340
1,304.575,548755
1,306.517,554774
1,308.459,562194
1,310.4,569915
1,312.341,576463
1,314.281,579960
1,316.22,582952
1,318.159,584046
1,320.098,584051
1,322.036,585164
1,323.973,589007
1,325.91,593458
1,327.847,599747
1,329.783,607107
1,331.718,612170
1,333.653,616789
1,335.588,618889
1,337.522,620246
1,339.455,621937
1,341.388,622338
1,343.321,625986
1,345.253,629341
1,347.184,634922
1,349.115,640119
1,351.045,644960
1,352.975,648001
1,354.905,651334
1,356.833,651762
1,358.762,652454
1,360.69,654479
1,362.617,654872
1,364.544,658402
1,366.47,661947
1,368.396,665984
1,370.321,669842
1,372.246,672327
1,374.17,674139
1,376.093,675202
1,378.017,675986
1,379.939,677255
1,381.861,680082
1,383.783,681653
1,385.704,684674
1,387.625,686419
1,389.545,690029
1,391.464,691321
1,393.383,693721
1,395.301,694720
1,397.219,695501
1,399.137,696033
1,401.053,697673
1,402.97,699987
1,404.886,701796
1,406.801,703870
1,408.715,706000
1,410.63,707788
1,412.543,709806
1,414.456,710400
1,416.369,712624
1,418.281,713991
1,420.192,714912
1,422.103,716275
1,424.014,717875
1,425.924,719820
1,427.833,720763
1,429.742,722696
1,431.65,724795
1,433.558,725229
1,435.465,727557
1,437.372,728423
1,439.278,728729
1,441.183,730506
1,443.088,731996
1,444.993,732819
1,446.897,734442
1,448.8,735697
1,450.703,738081
1,452.605,738151
1,454.507,740292
1,456.408,742211
1,458.309,742244
1,460.209,743839
1,462.108,745317
1,464.007,746477
1,465.906,747717
1,467.804,748732
1,469.701,748861
1,471.598,751036
1,473.494,753085
1,475.39,752707
1,477.285,754574
1,479.179,755132
1,481.073,755885
1,482.967,758092
1,484.859,759837
1,486.752,761372
1,488.644,761883
1,490.535,764362
1,492.425,764795
1,494.315,767675
1,496.205,767618
1,498.094,769691
1,499.982,771640
1,501.87,772784
1,503.757,774179
1,505.644,773974
1,507.53,775661
1,509.416,778377
1,511.301,778899
1,513.185,780446
1,515.069,781050
1,516.952,783165
1,518.835,784272
1,520.717,785168
1,522.599,787484
1,524.48,788459
1,526.36,790236
1,528.24,790599
1,530.12,792848
1,531.998,795024
1,533.876,795648
1,535.754,796651
1,537.631,797721
1,539.507,798897
1,541.383,800805
1,543.259,802858
1,545.133,803584
1,547.007,806091
1,548.881,806707
1,550.754,807543
1,552.626,809945
1,554.498,811288
1,556.369,811933
1,558.24,812463
1,560.11,814122
1,561.98,815205
1,563.848,816930
1,565.717,817938
1,567.584,818998
1,569.452,820464
1,571.318,821892
1,573.184,823054
1,575.05,824214
1,576.914,823631
1,578.779,825792
1,580.642,828684
1,582.505,829613
1,584.368,832314
1,586.229,832723
1,588.091,834085
1,589.951,835089
1,591.811,837793
1,593.671,837704
1,595.53,838921
1,597.388,841840
1,599.246,842606
1,601.103,843873
1,602.96,845941
1,604.815,847106
1,606.671,847835
1,608.525,849552
1,610.38,850348
1,612.233,851245
1,614.086,852185
1,615.938,855040
1,617.79,855310
1,619.641,856650
1,621.492,858130
1,623.342,859960
1,625.191,861983
1,627.04,862456
1,628.888,863964
1,630.735,865293
1,632.582,866101
1,634.429,868478
1,636.274,870059
1,638.119,871776
1,639.964,873257
1,641.808,874705
1,643.651,876938
1,645.494,879030
1,647.336,879937
1,649.177,882158
1,651.018,883018
1,652.858,884275
1,654.698,884879
1,656.537,886731
1,658.375,887754
1,660.213,888959
1,662.05,890275
1,663.887,891032
1,665.723,893178
1,667.558,893847
1,669.393,894583
1,671.227,896476
1,673.06,898220
1,674.893,899411
1,676.726,901458
1,678.557,900470
1,680.388,901637
1,682.219,904051
1,684.048,905360
1,685.877,905777
1,687.706,907090
1,689.534,909311
1,691.361,910288
1,693.188,912324
1,695.014,913096
1,696.839,914909
1,698.664,916077
1,700.488,916265
1,702.312,919343
1,704.135,919294
1,705.957,921149
1,707.779,922520
1,709.6,921843
1,711.42,924807
1,713.24,925824
1,715.059,927732
1,716.877,930040
1,718.695,930839
1,720.513,932095
1,722.329,933630
1,724.145,934810
1,725.961,935759
1,727.775,937369
1,729.589,939108
1,731.403,942048
1,733.216,942588
1,735.028,944443
1,736.839,945323
1,738.65,946601
1,740.461,946699
1,742.27,949171
1,744.079,950676
1,745.888,952378
1,747.695,953737
1,749.503,954506
1,751.309,956592
1,753.115,956557
1,754.92,957579
1,756.724,959441
1,758.528,958666
1,760.332,960378
1,762.134,962418
1,763.936,964165
1,765.738,965563
1,767.538,966127
1,769.338,967308
1,771.138,968122
1,772.936,969779
1,774.734,972260
1,776.532,973429
1,778.329,974707
1,780.125,976122
1,781.92,977665
1,783.715,979968
1,785.509,980845
1,787.303,982639
1,789.096,984156
1,790.888,986859
1,792.68,989040
1,794.471,989288
1,796.261,990482
1,798.051,991941
1,799.84,993998
1,801.628,993709
1,803.416,996256
1,805.203,998467
1,806.989,1.00032e+006
1,808.775,1.00116e+006
1,810.56,1.00294e+006
1,812.344,1.00646e+006
1,814.128,1.00752e+006
1,815.911,1.00795e+006
1,817.693,1.01055e+006
1,819.475,1.01312e+006
1,821.256,1.01445e+006
1,823.037,1.01537e+006
1,824.817,1.0176e+006
1,826.596,1.01833e+006
1,828.374,1.02126e+006
1,830.152,1.02089e+006
1,831.929,1.02167e+006
1,833.706,1.02125e+006
1,835.481,1.02203e+006
1,837.256,1.02326e+006
1,839.031,1.02398e+006
1,840.805,1.0252e+006
1,842.578,1.02729e+006
1,844.35,1.02756e+006
1,846.122,1.02756e+006
1,847.893,1.02754e+006
1,849.664,1.02952e+006
1,851.434,1.03183e+006
1,853.203,1.03242e+006
1,854.971,1.03364e+006
1,856.739,1.03658e+006
1,858.506,1.0379e+006
1,860.273,1.03854e+006
1,862.039,1.04097e+006
1,863.804,1.04271e+006
1,865.568,1.04363e+006
1,867.332,1.04449e+006
1,869.095,1.04695e+006
1,870.858,1.04855e+006
1,872.619,1.04938e+006
1,874.38,1.05182e+006
1,876.141,1.05367e+006
1,877.901,1.05358e+006
1,879.66,1.05479e+006
1,881.418,1.0585e+006
1,883.176,1.05866e+006
1,884.933,1.05934e+006
1,886.689,1.06142e+006
1,888.445,1.06266e+006
1,890.2,1.06541e+006
1,891.954,1.07111e+006
1,893.708,1.07867e+006
1,895.461,1.08222e+006
1,897.213,1.08627e+006
1,898.965,1.09398e+006
1,900.716,1.09942e+006
1,902.466,1.10041e+006
1,904.215,1.10275e+006
1,905.964,1.10604e+006
1,907.712,1.11103e+006
1,909.46,1.11195e+006
1,911.207,1.11253e+006
1,912.953,1.11536e+006
1,914.698,1.11845e+006
1,916.443,1.11873e+006
1,918.187,1.11141e+006
1,919.931,1.10864e+006
1,921.673,1.10573e+006
1,923.415,1.10117e+006
1,925.157,1.0992e+006
1,926.897,1.09801e+006
1,928.637,1.09961e+006
1,930.377,1.0998e+006
1,932.115,1.102e+006
1,933.853,1.10226e+006
1,935.59,1.10359e+006
1,937.327,1.10515e+006
1,939.063,1.10638e+006
1,940.798,1.10851e+006
1,942.532,1.10929e+006
1,944.266,1.11058e+006
1,945.999,1.11185e+006
1,947.731,1.11407e+006
1,949.463,1.11617e+006
1,951.194,1.11783e+006
1,952.924,1.11974e+006
1,954.654,1.12048e+006
1,956.382,1.1224e+006
1,958.111,1.12284e+006
1,959.838,1.12467e+006
1,961.565,1.12737e+006
1,963.291,1.12801e+006
1,965.016,1.12995e+006
1,966.741,1.1312e+006
1,968.465,1.13293e+006
1,970.188,1.13395e+006
1,971.911,1.13718e+006
1,973.633,1.14243e+006
1,975.354,1.14721e+006
1,977.074,1.15083e+006
1,978.794,1.15496e+006
1,980.513,1.16087e+006
1,982.232,1.16372e+006
1,983.949,1.16595e+006
1,985.666,1.16678e+006
1,987.383,1.1727e+006
1,989.098,1.17709e+006
1,990.813,1.17589e+006
1,992.527,1.17951e+006
1,994.241,1.18247e+006
1,995.953,1.18209e+006
1,997.665,1.17937e+006
1,999.377,1.17845e+006
1,1001.09,1.17396e+006
1,1002.8,1.17264e+006
1,1004.51,1.17164e+006
1,1006.21,1.16955e+006
1,1007.92,1.17176e+006
1,1009.63,1.1723e+006
1,1011.34,1.17269e+006
1,1013.04,1.17428e+006
1,1014.75,1.17562e+006
1,1016.45,1.17816e+006
1,1018.15,1.17873e+006
1,1019.86,1.18163e+006
1,1021.56,1.18376e+006
1,1023.26,1.18465e+006
1,1024.96,1.18423e+006
1,1026.66,1.18623e+006
1,1028.36,1.18766e+006
1,1030.06,1.1881e+006
1,1031.76,1.18829e+006
1,1033.45,1.1907e+006
1,1035.15,1.19232e+006
1,1036.85,1.19342e+006
1,1038.54,1.19507e+006
1,1040.23,1.19817e+006
1,1041.93,1.19772e+006
1,1043.62,1.19997e+006
1,1045.31,1.20089e+006
1,1047,1.20133e+006
1,1048.69,1.20478e+006
1,1050.38,1.20527e+006
1,1052.07,1.20701e+006
1,1053.76,1.20931e+006
1,1055.45,1.21055e+006
1,1057.14,1.21273e+006
1,1058.82,1.21285e+006
1,1060.51,1.2154e+006
1,1062.19,1.21545e+006
1,1063.88,1.21716e+006
1,1065.56,1.2185e+006
1,1067.24,1.21834e+006
1,1068.93,1.21951e+006
1,1070.61,1.22278e+006
1,1072.29,1.22454e+006
1,1073.97,1.226e+006
1,1075.65,1.22737e+006
1,1077.32,1.22844e+006
1,1079,1.23015e+006
1,1080.68,1.23148e+006
1,1082.35,1.23203e+006
1,1084.03,1.23182e+006
1,1085.7,1.2363e+006
1,1087.38,1.23706e+006
1,1089.05,1.23777e+006
1,1090.72,1.23963e+006
1,1092.4,1.24168e+006
1,1094.07,1.24159e+006
1,1095.74,1.24536e+006
1,1097.41,1.2457e+006
1,1099.08,1.24695e+006
1,1100.74,1.24789e+006
1,1102.41,1.25023e+006
1,1104.08,1.252e+006
1,1105.74,1.2544e+006
1,1107.41,1.25564e+006
1,1109.07,1.25578e+006
1,1110.74,1.25662e+006
1,1112.4,1.25905e+006
1,1114.06,1.26091e+006
1,1115.72,1.26151e+006
1,1117.38,1.26314e+006
1,1119.04,1.26577e+006
1,1120.7,1.26777e+006
1,1122.36,1.26836e+006
1,1124.02,1.26892e+006
1,1125.68,1.26851e+006
1,1127.33,1.27099e+006
1,1128.99,1.27301e+006
1,1130.64,1.27422e+006
1,1132.3,1.27529e+006
1,1133.95,1.2766e+006
1,1135.6,1.27771e+006
1,1137.25,1.27962e+006
1,1138.91,1.28236e+006
1,1140.56,1.28204e+006
1,1142.21,1.28485e+006
1,1143.85,1.28595e+006
1,1145.5,1.28893e+006
1,1147.15,1.28927e+006
1,1148.8,1.28859e+006
1,1150.44,1.2906e+006
1,1152.09,1.29219e+006
1,1153.73,1.294e+006
1,1155.38,1.29454e+006
1,1157.02,1.29548e+006
1,1158.66,1.29663e+006
1,1160.3,1.29864e+006
1,1161.94,1.30048e+006
1,1163.58,1.29977e+006
1,1165.22,1.30344e+006
1,1166.86,1.30391e+006
1,1168.5,1.30434e+006
1,1170.13,1.30692e+006
1,1171.77,1.30739e+006
1,1173.41,1.30948e+006
1,1175.04,1.31183e+006
1,1176.67,1.31293e+006
1,1178.31,1.31338e+006
1,1179.94,1.31552e+006
1,1181.57,1.31738e+006
1,1183.2,1.31713e+006
1,1184.83,1.3197e+006
1,1186.46,1.32089e+006
1,1188.09,1.32128e+006
1,1189.72,1.32347e+006
1,1191.35,1.32608e+006
1,1192.97,1.32498e+006
1,1194.6,1.32703e+006
1,1196.22,1.32623e+006
1,1197.85,1.32851e+006
1,1199.47,1.33173e+006
1,1201.09,1.33405e+006
1,1202.71,1.33569e+006
1,1204.33,1.33639e+006
1,1205.96,1.33821e+006
1,1207.57,1.33981e+006
1,1209.19,1.3416e+006
1,1210.81,1.34315e+006
1,1212.43,1.34324e+006
1,1214.04,1.34399e+006
1,1215.66,1.34709e+006
1,1217.28,1.34869e+006
1,1218.89,1.3497e+006
1,1220.5,1.34991e+006
1,1222.12,1.35159e+006
1,1223.73,1.35365e+006
1,1225.34,1.35476e+006
1,1226.95,1.35737e+006
1,1228.56,1.35786e+006
1,1230.17,1.35807e+006
1,1231.78,1.35947e+006
1,1233.38,1.36264e+006
1,1234.99,1.36634e+006
1,1236.6,1.37236e+006
1,1238.2,1.37764e+006
1,1239.8,1.38411e+006
1,1241.41,1.39071e+006
1,1243.01,1.39708e+006
1,1244.61,1.4006e+006
1,1246.21,1.40516e+006
1,1247.81,1.40663e+006
1,1249.41,1.40741e+006
1,1251.01,1.40628e+006
1,1252.61,1.40393e+006
1,1254.21,1.39811e+006
1,1255.8,1.39328e+006
1,1257.4,1.3891e+006
1,1259,1.38615e+006
1,1260.59,1.3882e+006
1,1262.18,1.38915e+006
1,1263.78,1.38976e+006
1,1265.37,1.39277e+006
1,1266.96,1.39436e+006
1,1268.55,1.39498e+006
1,1270.14,1.39528e+006
1,1271.73,1.39734e+006
1,1273.32,1.39912e+006
1,1274.9,1.39939e+006
1,1276.49,1.40357e+006
1,1278.07,1.40613e+006
1,1279.66,1.41024e+006
1,1281.24,1.41141e+006
1,1282.83,1.41388e+006
1,1284.41,1.41623e+006
1,1285.99,1.416e+006
1,1287.57,1.41439e+006
1,1289.15,1.41394e+006
1,1290.73,1.41451e+006
1,1292.31,1.41371e+006
1,1293.89,1.41411e+006
1,1295.47,1.41284e+006
1,1297.04,1.414e+006
1,1298.62,1.41567e+006
1,1300.19,1.41829e+006
1,1301.77,1.41936e+006
1,1303.34,1.42145e+006
1,1304.91,1.42482e+006
1,1306.48,1.42722e+006
1,1308.05,1.43096e+006
1,1309.62,1.43601e+006
1,1311.19,1.45021e+006
1,1312.76,1.5099e+006
1,1314.33,1.61672e+006
1,1315.9,1.71844e+006
1,1317.46,1.84636e+006
1,1319.03,1.94698e+006
1,1320.59,2.07347e+006
1,1322.16,2.17093e+006
1,1323.72,2.20776e+006
1,1325.28,2.2088e+006
1,1326.84,2.11216e+006
1,1328.4,2.01791e+006
1,1329.96,1.8803e+006
1,1331.52,1.72657e+006
1,1333.08,1.58854e+006
1,1334.64,1.49057e+006
1,1336.2,1.46627e+006
1,1337.75,1.45886e+006
1,1339.31,1.45538e+006
1,1340.86,1.45395e+006
1,1342.41,1.45301e+006
1,1343.97,1.45462e+006
1,1345.52,1.45247e+006
1,1347.07,1.4538e+006
1,1348.62,1.45623e+006
1,1350.17,1.45578e+006
1,1351.72,1.45736e+006
1,1353.27,1.45761e+006
1,1354.81,1.46145e+006
1,1356.36,1.45996e+006
1,1357.91,1.46259e+006
1,1359.45,1.46279e+006
1,1361,1.46552e+006
1,1362.54,1.4659e+006
1,1364.08,1.46723e+006
1,1365.62,1.46806e+006
1,1367.16,1.46873e+006
1,1368.7,1.46853e+006
1,1370.24,1.46966e+006
1,1371.78,1.46946e+006
1,1373.32,1.47131e+006
1,1374.86,1.47162e+006
1,1376.39,1.47395e+006
1,1377.93,1.47867e+006
1,1379.46,1.48173e+006
1,1380.99,1.48528e+006
1,1382.53,1.48985e+006
1,1384.06,1.49289e+006
1,1385.59,1.49744e+006
1,1387.12,1.50177e+006
1,1388.65,1.49923e+006
1,1390.18,1.49758e+006
1,1391.71,1.49622e+006
1,1393.23,1.49465e+006
1,1394.76,1.48943e+006
1,1396.29,1.48787e+006
1,1397.81,1.48665e+006
1,1399.34,1.48806e+006
1,1400.86,1.49005e+006
1,1402.38,1.4922e+006
1,1403.9,1.49452e+006
1,1405.42,1.4957e+006
1,1406.94,1.49597e+006
1,1408.46,1.49752e+006
1,1409.98,1.49848e+006
1,1411.5,1.50092e+006
1,1413.02,1.50239e+006
1,1414.53,1.50455e+006
1,1416.05,1.50608e+006
1,1417.56,1.50709e+006
1,1419.07,1.50661e+006
1,1420.59,1.50926e+006
1,1422.1,1.50855e+006
1,1423.61,1.50857e+006
1,1425.12,1.50797e+006
1,1426.63,1.50957e+006
1,1428.14,1.5142e+006
1,1429.65,1.51636e+006
1,1431.15,1.52115e+006
1,1432.66,1.527e+006
1,1434.16,1.53683e+006
1,1435.67,1.57604e+006
1,1437.17,1.72911e+006
1,1438.68,1.91429e+006
1,1440.18,2.1063e+006
1,1441.68,2.31599e+006
1,1443.18,2.58374e+006
1,1444.68,2.76198e+006
1,1446.18,2.67799e+006
1,1447.68,2.50138e+006
1,1449.17,2.30884e+006
1,1450.67,2.09396e+006
1,1452.17,1.81602e+006
1,1453.66,1.60454e+006
1,1455.15,1.55513e+006
1,1456.65,1.54373e+006
1,1458.14,1.53821e+006
1,1459.63,1.53354e+006
1,1461.12,1.5315e+006
1,1462.61,1.53131e+006
1,1464.1,1.53111e+006
1,1465.59,1.53325e+006
1,1467.08,1.53163e+006
1,1468.56,1.53351e+006
1,1470.05,1.53267e+006
1,1471.53,1.53337e+006
1,1473.02,1.53366e+006
1,1474.5,1.53534e+006
1,1475.98,1.53523e+006
1,1477.47,1.53527e+006
1,1478.95,1.53506e+006
1,1480.43,1.53612e+006
1,1481.91,1.53836e+006
1,1483.38,1.53705e+006
1,1484.86,1.53789e+006
1,1486.34,1.53898e+006
1,1487.81,1.53858e+006
1,1489.29,1.5401e+006
1,1490.76,1.54089e+006
1,1492.24,1.54238e+006
1,1493.71,1.54259e+006
1,1495.18,1.54528e+006
1,1496.65,1.54437e+006
1,1498.12,1.54593e+006
1,1499.59,1.54657e+006
1,1501.06,1.54844e+006
1,1502.53,1.54892e+006
1,1503.99,1.55039e+006
1,1505.46,1.54992e+006
1,1506.93,1.54863e+006
1,1508.39,1.54677e+006
1,1509.85,1.54768e+006
1,1511.32,1.54689e+006
1,1512.78,1.54703e+006
1,1514.24,1.55039e+006
1,1515.7,1.55174e+006
1,1517.16,1.5495e+006
1,1518.62,1.55245e+006
1,1520.07,1.55161e+006
1,1521.53,1.55311e+006
1,1522.99,1.55382e+006
1,1524.44,1.55363e+006
1,1525.9,1.55575e+006
1,1527.35,1.5559e+006
1,1528.8,1.5569e+006
1,1530.26,1.5573e+006
1,1531.71,1.55733e+006
1,1533.16,1.55959e+006
1,1534.61,1.55925e+006
1,1536.05,1.56056e+006
1,1537.5,1.55922e+006
1,1538.95,1.56037e+006
1,1540.39,1.56035e+006
1,1541.84,1.56253e+006
1,1543.28,1.56222e+006
1,1544.73,1.56339e+006
1,1546.17,1.56461e+006
1,1547.61,1.56428e+006
1,1549.05,1.56454e+006
1,1550.49,1.56592e+006
1,1551.93,1.567e+006
1,1553.37,1.56622e+006
1,1554.81,1.56587e+006
1,1556.25,1.56638e+006
1,1557.68,1.56632e+006
1,1559.12,1.56721e+006
1,1560.55,1.56781e+006
1,1561.98,1.56815e+006
1,1563.42,1.56984e+006
1,1564.85,1.57249e+006
1,1566.28,1.57196e+006
1,1567.71,1.5727e+006
1,1569.14,1.57366e+006
1,1570.57,1.57605e+006
1,1571.99,1.58407e+006
1,1573.42,1.60302e+006
1,1574.85,1.62565e+006
1,1576.27,1.64305e+006
1,1577.7,1.64713e+006
1,1579.12,1.64693e+006
1,1580.54,1.64182e+006
1,1581.96,1.62711e+006
1,1583.38,1.60386e+006
1,1584.8,1.5864e+006
1,1586.22,1.58257e+006
1,1587.64,1.58449e+006
1,1589.06,1.58205e+006
1,1590.47,1.58208e+006
1,1591.89,1.58162e+006
1,1593.31,1.58368e+006
1,1594.72,1.58265e+006
1,1596.13,1.58294e+006
1,1597.54,1.58495e+006
1,1598.96,1.58562e+006
1,1600.37,1.58535e+006
1,1601.78,1.58869e+006
1,1603.19,1.58898e+006
1,1604.59,1.58959e+006
1,1606,1.59046e+006
1,1607.41,1.59174e+006
1,1608.81,1.59249e+006
1,1610.22,1.59283e+006
1,1611.62,1.59361e+006
1,1613.02,1.59345e+006
1,1614.43,1.59275e+006
1,1615.83,1.59166e+006
1,1617.23,1.5921e+006
1,1618.63,1.59271e+006
1,1620.03,1.59174e+006
1,1621.42,1.59151e+006
1,1622.82,1.59279e+006
1,1624.22,1.59374e+006
1,1625.61,1.5932e+006
1,1627.01,1.59519e+006
1,1628.4,1.59394e+006
1,1629.79,1.59527e+006
1,1631.18,1.59596e+006
1,1632.57,1.59695e+006
1,1633.96,1.59775e+006
1,1635.35,1.59908e+006
1,1636.74,1.59876e+006
1,1638.13,1.6002e+006
1,1639.52,1.60407e+006
1,1640.9,1.60975e+006
1,1642.29,1.61766e+006
1,1643.67,1.62431e+006
1,1645.05,1.63317e+006
1,1646.44,1.71225e+006
1,1647.82,2.1172e+006
1,1649.2,2.69406e+006
1,1650.58,2.89802e+006
1,1651.96,2.93505e+006
1,1653.34,2.94261e+006
1,1654.71,2.90483e+006
1,1656.09,2.62282e+006
1,1657.46,2.00879e+006
1,1658.84,1.70482e+006
1,1660.21,1.64865e+006
1,1661.59,1.63161e+006
1,1662.96,1.62337e+006
1,1664.33,1.61534e+006
1,1665.7,1.61056e+006
1,1667.07,1.60923e+006
1,1668.44,1.61088e+006
1,1669.8,1.61345e+006
1,1671.17,1.61319e+006
1,1672.54,1.61548e+006
1,1673.9,1.61694e+006
1,1675.27,1.62515e+006
1,1676.63,1.67395e+006
1,1677.99,1.79609e+006
1,1679.35,1.86445e+006
1,1680.72,1.8766e+006
1,1682.08,1.87723e+006
1,1683.43,1.87721e+006
1,1684.79,1.84712e+006
1,1686.15,1.73997e+006
1,1687.51,1.64439e+006
1,1688.86,1.62209e+006
1,1690.22,1.61834e+006
1,1691.57,1.61827e+006
1,1692.92,1.61712e+006
1,1694.27,1.61551e+006
1,1695.63,1.61928e+006
1,1696.98,1.64792e+006
1,1698.33,1.68447e+006
1,1699.67,1.69522e+006
1,1701.02,1.69878e+006
1,1702.37,1.69678e+006
1,1703.71,1.69448e+006
1,1705.06,1.67504e+006
1,1706.4,1.6343e+006
1,1707.75,1.61601e+006
1,1709.09,1.61219e+006
1,1710.43,1.61031e+006
1,1711.77,1.60926e+006
1,1713.11,1.60784e+006
1,1714.45,1.60958e+006
1,1715.79,1.60931e+006
1,1717.13,1.60825e+006
1,1718.46,1.6085e+006
1,1719.8,1.6085e+006
1,1721.13,1.60892e+006
1,1722.47,1.60961e+006
1,1723.8,1.60865e+006
1,1725.13,1.60767e+006
1,1726.46,1.60782e+006
1,1727.79,1.61159e+006
1,1729.12,1.6169e+006
1,1730.45,1.61796e+006
1,1731.78,1.61864e+006
1,1733.1,1.6204e+006
1,1734.43,1.61782e+006
1,1735.76,1.61594e+006
1,1737.08,1.61176e+006
1,1738.4,1.60903e+006
1,1739.72,1.60897e+006
1,1741.05,1.60722e+006
1,1742.37,1.61019e+006
1,1743.69,1.60952e+006
1,1745,1.60751e+006
1,1746.32,1.60725e+006
1,1747.64,1.60922e+006
1,1748.96,1.60969e+006
1,1750.27,1.6099e+006
1,1751.59,1.60764e+006
1,1752.9,1.60813e+006
1,1754.21,1.60974e+006
1,1755.52,1.60888e+006
1,1756.83,1.60868e+006
1,1758.14,1.60879e+006
1,1759.45,1.60546e+006
1,1760.76,1.60694e+006
1,1762.07,1.6084e+006
1,1763.37,1.61132e+006
1,1764.68,1.61481e+006
1,1765.98,1.61477e+006
1,1767.29,1.61768e+006
1,1768.59,1.61883e+006
1,1769.89,1.61857e+006
1,1771.19,1.61643e+006
1,1772.49,1.61303e+006
1,1773.79,1.61018e+006
1,1775.09,1.60769e+006
1,1776.39,1.60797e+006
1,1777.69,1.60733e+006
1,1778.98,1.60695e+006
1,1780.28,1.60753e+006
1,1781.57,1.60707e+006
1,1782.86,1.60707e+006
1,1784.16,1.60852e+006
1,1785.45,1.60657e+006
1,1786.74,1.60584e+006
1,1788.03,1.60701e+006
1,1789.32,1.60529e+006
1,1790.6,1.60533e+006
1,1791.89,1.60482e+006
1,1793.18,1.60386e+006
1,1794.46,1.60357e+006
1,1795.75,1.60453e+006
1,1797.03,1.60329e+006
1,1798.31,1.60404e+006
1,1799.59,1.60639e+006
1,1800.87,1.60741e+006
1,1802.15,1.6142e+006
1,1803.43,1.62927e+006
1,1804.71,1.66404e+006
1,1805.99,1.70091e+006
1,1807.26,1.72196e+006
1,1808.54,1.72973e+006
1,1809.81,1.72478e+006
1,1811.08,1.71238e+006
1,1812.36,1.68658e+006
1,1813.63,1.65121e+006
1,1814.9,1.62064e+006
1,1816.17,1.60666e+006
1,1817.44,1.60289e+006
1,1818.71,1.6014e+006
1,1819.97,1.6007e+006
1,1821.24,1.60143e+006
1,1822.5,1.60042e+006
1,1823.77,1.59981e+006
1,1825.03,1.59887e+006
1,1826.3,1.60038e+006
1,1827.56,1.60207e+006
1,1828.82,1.60521e+006
1,1830.08,1.60601e+006
1,1831.34,1.60823e+006
1,1832.59,1.60598e+006
1,1833.85,1.60582e+006
1,1835.11,1.60376e+006
1,1836.36,1.60209e+006
1,1837.62,1.6001e+006
1,1838.87,1.59786e+006
1,1840.12,1.59839e+006
1,1841.38,1.59759e+006
1,1842.63,1.59703e+006
1,1843.88,1.5952e+006
1,1845.13,1.59579e+006
1,1846.37,1.59681e+006
1,1847.62,1.59485e+006
1,1848.87,1.595e+006
1,1850.11,1.59666e+006
1,1851.36,1.59512e+006
1,1852.6,1.59342e+006
1,1853.84,1.59502e+006
1,1855.09,1.59601e+006
1,1856.33,1.59578e+006
1,1857.57,1.59504e+006
1,1858.81,1.59363e+006
1,1860.04,1.59395e+006
1,1861.28,1.59613e+006
1,1862.52,1.59825e+006
1,1863.75,1.59714e+006
1,1864.99,1.59737e+006
1,1866.22,1.5953e+006
1,1867.45,1.59751e+006
1,1868.69,1.59728e+006
1,1869.92,1.59593e+006
1,1871.15,1.59701e+006
1,1872.38,1.59679e+006
1,1873.6,1.59531e+006
1,1874.83,1.59509e+006
1,1876.06,1.59449e+006
1,1877.28,1.59469e+006
1,1878.51,1.5929e+006
1,1879.73,1.59341e+006
1,1880.95,1.59296e+006
1,1882.18,1.59136e+006
1,1883.4,1.59118e+006
1,1884.62,1.59078e+006
1,1885.84,1.59114e+006
1,1887.05,1.59124e+006
1,1888.27,1.59232e+006
1,1889.49,1.59e+006
1,1890.7,1.59212e+006
1,1891.92,1.59023e+006
1,1893.13,1.58965e+006
1,1894.34,1.59288e+006
1,1895.56,1.59197e+006
1,1896.77,1.58846e+006
1,1897.98,1.61309e+006
